*T              HEADER RECORDS FOR OS-PATHWAY                                      
*  OS  IQA  DISK  LAF-OS.MET                                                       
*  OS  EXT  94 11 1    94 11 30                                                    
*@ OS  LOC  99999 122.60W 45.50N  0                                                
*$ OS  MAP  DAT01  OSYR OSMO OSDY OSHR WS01 TT01 DT01 WD01 SA01 INSO               
*$ OS  FMT  DAT01  (4X, 4I2, F9.1, 9X, 5F9.1)                                      
*$ OS  DT1  2.  20.                                                                
*$ OS  HGT  1   20.0                                                               
*$ OS  CHK  INSO  2  9999    0  700                                                
*$ OS  CHK  DT01  1  -999  -10    5                                                
*$ OS  CHK  SA    1    99    0   50                                                
*  OS  AUD  INSO  DT01                                                             
*  OS  OQA  DISK  OQAOS.123                                                        
*  OS     ON-SITE QUALITY ASSESSMENT, MPRM DATED 99349
    9411 1 1      2.3               4.4     -1.0    165.0     35.0      0.0
    9411 1 2      2.7               4.6     -1.0    168.0     14.0      0.0
    9411 1 3      3.0               5.0     -0.9    189.0     15.3      0.0
    9411 1 4      3.6               4.9     -1.0    196.0     15.0      0.0
    9411 1 5      4.1               5.1     -1.0    206.0     13.5      0.0
    9411 1 6      4.0               5.2     -1.0    197.0     13.0      0.0
    9411 1 7      3.2               5.3     -0.9    199.0     19.0      0.0
    9411 1 8      3.4               5.4     -1.0    206.0     15.2     17.4
    9411 1 9      3.2               5.6     -0.9    215.0     14.8     87.2
    9411 110      3.4               6.7      0.6    219.0     15.9    275.6
    9411 111      4.4               8.0      0.6    215.0     15.7    272.1
    9411 112      3.6               6.7      0.0    264.0     23.0    117.2
    9411 113      1.7               4.8     -1.0    242.0     24.3     50.2
    9411 114      2.2               6.2     -0.5    169.0     27.4    184.9
    9411 115      2.0               6.9     -0.6    187.0     21.4    139.6
    9411 116      2.4               7.3     -0.3    195.0     18.9     97.7
    9411 117      2.1               6.5     -1.2    185.0     17.8     11.2
    9411 118      2.7               5.7     -1.2    182.0     14.3      0.0
    9411 119      3.0               4.7     -1.4    187.0     14.5      0.0
    9411 120      3.1               4.3     -1.4    184.0     15.2      0.0
    9411 121      3.1               4.4     -1.2    183.0     15.3      0.0
    9411 122      2.1               4.5     -1.2    203.0     25.6      0.0
    9411 123      2.2               4.6     -1.1    220.0     18.4      0.0
    9411 124      2.0               4.6     -1.0    231.0     20.0      0.0
    9411 2 1      2.1               4.6     -1.1    205.0     14.7      0.0
    9411 2 2      2.2               4.3     -1.2    218.0     13.5      0.0
    9411 2 3      2.5               4.2     -1.1    207.0     13.6      0.0
    9411 2 4      1.9               3.8     -1.2    197.0     24.4      0.0
    9411 2 5      1.8               2.8     -1.3    187.0     24.7      0.0
    9411 2 6      2.1               2.8     -1.3    208.0     14.3      0.0
    9411 2 7      1.4               2.8     -1.3    190.0     41.0      0.0
    9411 2 8      1.6               3.3     -1.1    168.0     21.3     17.4
    9411 2 9      2.1               4.3     -0.8    172.0     18.4     81.6
    9411 210      2.0               5.1     -0.3    218.0     22.9    116.5
    9411 211      1.9               5.7     -0.1    229.0     25.4    149.3
    9411 212      1.2               6.4      0.6    228.0     49.0    215.6
    9411 213      1.4               7.8      1.7      4.0     43.5    433.3
    9411 214      1.2               7.9     -0.1    320.0     43.2    236.6
    9411 215      1.4               8.5     -0.8    293.0     36.9    205.9
    9411 216      1.8               7.4     -0.1    313.0     13.9     92.8
    9411 217      1.6               6.5      0.1    347.0     12.0     40.5
    9411 218      1.3               4.3     -0.6    344.0      8.6      0.0
    9411 219      1.0               3.0     -0.9    120.0     30.4      0.0
    9411 220      1.3               2.0     -0.9    136.0      9.7      0.0
    9411 221      0.8               1.2     -1.0    125.0     23.0      0.0
    9411 222      1.1               0.7     -0.7    148.0     33.7      0.0
    9411 223      0.9               0.0     -1.0    187.0     11.4      0.0
    9411 224      0.7              -0.6     -1.1    285.0     35.3      0.0
    9411 3 1      0.9              -1.0     -0.6    159.0     27.6      0.0
    9411 3 2      0.8              -1.3     -1.3    123.0     20.2      0.0
    9411 3 3      0.8              -1.5     -1.3    311.0     41.6      0.0
    9411 3 4      1.0              -1.3     -1.0    157.0     22.5      0.0
    9411 3 5      1.0              -0.8     -0.9    115.0     17.9      0.0
    9411 3 6      1.4              -0.1     -1.0    187.0     22.1      0.0
    9411 3 7      1.5               0.4     -1.0    181.0     13.7      0.0
    9411 3 8      1.9               0.5     -0.9    194.0     18.6     23.0
    9411 3 9      2.0               1.0     -0.7    194.0     20.2     41.9
    9411 310      1.9               1.5     -0.4    173.0     19.2     88.6
    9411 311      2.3               2.2     -0.1    177.0     19.1    127.7
    9411 312      2.5               3.6     -1.3    177.0     23.5    241.4
    9411 313      1.5               5.5     -1.5    158.0     52.0    419.4
    9411 314      1.7               6.6     -1.2    215.0     35.9    279.1
    9411 315      2.5               6.0     -0.9    200.0     18.3    120.7
    9411 316      1.5               5.6     -0.8    213.0     22.7     57.9
    9411 317      1.3               5.3     -0.7    200.0     20.2      9.8
    9411 318      1.9               5.1     -0.7    148.0     17.4      0.0
    9411 319      1.2               5.0     -0.6    185.0     14.6      0.0
    9411 320      0.7               4.8     -0.5    236.0     17.4      0.0
    9411 321      1.0               4.8     -0.6    154.0     18.9      0.0
    9411 322      1.3               4.8     -0.6    135.0     21.7      0.0
    9411 323      1.8               5.0     -0.6    134.0     34.2      0.0
    9411 324      3.0               5.6     -0.5    169.0     15.9      0.0
    9411 4 1      5.0               5.7     -0.6    194.0     16.4      0.0
    9411 4 2      5.0               5.1     -0.7    184.0     16.1      0.0
    9411 4 3      2.8               4.7     -0.7    167.0     16.3      0.0
    9411 4 4      2.0               4.5     -0.7    106.0     17.0      0.0
    9411 4 5      1.8               4.3     -0.8     89.0     13.1      0.0
    9411 4 6      1.9               4.7     -0.7    103.0     15.2      0.0
    9411 4 7      2.5               5.8     -0.6    192.0     28.9      0.0
    9411 4 8      5.5               6.7     -0.8    201.0     17.3      8.4
    9411 4 9      4.3               6.9     -0.7    202.0     17.5     14.7
    9411 410      3.6               7.0     -0.6    223.0     16.5     27.2
    9411 411      2.0               7.1     -0.7    238.0     16.7     32.1
    9411 412      1.9               7.3     -0.7    186.0     15.2     49.5
    9411 413      1.9               7.2     -0.7    192.0     13.4     41.2
    9411 414      2.5               7.1     -0.6    185.0     14.7     77.5
    9411 415      2.3               7.4     -0.8    182.0     17.2     87.2
    9411 416      3.0               6.7     -0.9    159.0     14.5     65.6
    9411 417      1.8               6.2     -0.6    154.0     13.0     17.4
    9411 418      2.1               5.1     -0.3    184.0     12.9      0.0
    9411 419      1.6               3.7      0.3    160.0     13.7      0.0
    9411 420      0.9               3.5      0.2    135.0     12.0      0.0
    9411 421      1.3               3.4      0.1    126.0     22.1      0.0
    9411 422      1.1               2.6      0.2    149.0     19.0      0.0
    9411 423      1.0               2.2      0.1    252.0     37.5      0.0
    9411 424      0.6               2.1     -0.3    253.0     57.1      0.0
    9411 5 1      1.1               1.3      0.1    154.0     37.5      0.0
    9411 5 2      1.2               0.9      0.2    113.0     16.4      0.0
    9411 5 3      1.0               2.3     -0.5    142.0     23.3      0.0
    9411 5 4      0.8               2.1     -0.1    186.0     21.3      0.0
    9411 5 5      1.5               1.0     -0.2    147.0      9.2      0.0
    9411 5 6      1.3               1.6     -0.6    125.0     20.6      0.0
    9411 5 7      1.5               2.1     -0.7    101.0     22.1      2.1
    9411 5 8      1.7               2.0     -0.7    114.0     27.4     41.9
    9411 5 9      1.2               2.6     -0.7    131.0     31.7    148.6
    9411 510      1.9               4.9     -0.7     79.0     23.4    280.5
    9411 511      2.2               7.2     -1.0     77.0     23.4    392.9
    9411 512      2.2               8.9     -1.3     75.0     28.7    445.9
    9411 513      1.8               9.9     -1.4     57.0     49.2    445.9
    9411 514      1.8              10.6     -1.4     56.0     59.6    372.6
    9411 515      1.7              10.4     -0.9     81.0     37.5    193.3
    9411 516      3.0              10.2     -0.6     62.0     13.5    125.6
    9411 517      1.8               8.8      0.0     61.0     12.6     46.1
    9411 518      2.1               7.1      0.4     60.0      8.2      0.0
    9411 519      1.3               6.7      0.3     87.0     33.4      0.0
    9411 520      1.7               6.2     -0.2    147.0     17.4      0.0
    9411 521      1.9               4.3      0.3    144.0      8.8      0.0
    9411 522      1.3               3.2      0.9    122.0     15.4      0.0
    9411 523      1.2               2.4      1.1    141.0     31.0      0.0
    9411 524      1.6               1.9      1.3    108.0     20.2      0.0
    9411 6 1      1.9               2.0      1.7    114.0     14.0      0.0
    9411 6 2      2.3               2.6      0.9    124.0     19.9      0.0
    9411 6 3      1.7               1.6      0.6    173.0     17.4      0.0
    9411 6 4      1.8               2.6      0.1    105.0     13.2      0.0
    9411 6 5      2.6               5.3      0.0    111.0     17.0      0.0
    9411 6 6      2.0               4.5     -0.2    184.0     18.9      0.0
    9411 6 7      1.3               4.5     -0.5    135.0     41.3      0.0
    9411 6 8      1.4               4.5     -0.6    122.0     14.5      4.2
    9411 6 9      2.4               5.1     -0.6    166.0     18.9     25.8
    9411 610      2.7               5.3     -0.7    197.0     17.4     45.4
    9411 611      2.3               5.7     -0.7    195.0     23.9     99.8
    9411 612      2.6               6.9     -0.8    210.0     34.4    145.8
    9411 613      3.2               8.4     -0.8    225.0     18.5    201.0
    9411 614      3.4               9.4     -0.8    228.0     16.9    228.9
    9411 615      2.9               8.8     -0.8    307.0     27.1    173.8
    9411 616      2.1               8.5     -0.4    252.0     16.8    118.6
    9411 617      2.6               8.2     -0.3    189.0     20.8     37.7
    9411 618      3.6               6.7     -0.4    184.0     12.9      0.0
    9411 619      2.9               5.7     -0.3    178.0     13.0      0.0
    9411 620      2.1               5.2     -0.2    173.0     14.0      0.0
    9411 621      2.3               4.8     -0.1    188.0     13.0      0.0
    9411 622      2.1               4.9     -0.3    184.0     21.0      0.0
    9411 623      1.4               5.1     -0.4    229.0     34.4      0.0
    9411 624      1.7               5.0     -0.4    172.0     14.2      0.0
    9411 7 1      2.5               4.8     -0.4    198.0     13.4      0.0
    9411 7 2      1.7               4.9     -0.5    189.0     19.4      0.0
    9411 7 3      1.9               4.7     -0.4    178.0     15.0      0.0
    9411 7 4      1.3               3.8      0.1    167.0     20.6      0.0
    9411 7 5      1.3               3.4      0.2    188.0     24.6      0.0
    9411 7 6      0.9               4.0     -0.3    224.0     36.3      0.0
    9411 7 7      1.3               3.9     -0.3    164.0     22.3      0.0
    9411 7 8      1.1               4.2     -0.4    146.0     23.3     31.4
    9411 7 9      1.4               5.4     -0.6    153.0     21.3     90.7
    9411 710      1.7               6.6     -0.8    189.0     26.3    220.5
    9411 711      1.6               8.2     -0.9    203.0     46.3    235.2
    9411 712      2.8               9.5     -1.1    203.0     20.0    371.2
    9411 713      3.4              10.8     -1.2    188.0     21.1    387.3
    9411 714      3.0              10.5     -0.9    182.0     18.0    198.9
    9411 715      2.1              10.6     -0.7    227.0     26.2    118.6
    9411 716      2.3              10.5     -0.5    172.0     18.8     52.3
    9411 717      1.8              10.3     -0.4    164.0     14.0     18.8
    9411 718      1.3               9.7      0.0    135.0      8.7      0.0
    9411 719      1.5               8.7      0.4    143.0      9.7      0.0
    9411 720      1.3               7.0      0.9    155.0     12.3      0.0
    9411 721      1.8               6.5      0.2    166.0     11.4      0.0
    9411 722      1.6               5.1      0.5    113.0     10.3      0.0
    9411 723      1.3               4.1      1.0    108.0      9.9      0.0
    9411 724      0.8               3.1      1.0    341.0     36.1      0.0
    9411 8 1      0.8               2.2      0.9    272.0     16.3      0.0
    9411 8 2      0.8               1.6      1.0     78.0     19.6      0.0
    9411 8 3      1.0               0.8      0.7    201.0     29.4      0.0
    9411 8 4      1.3               0.3      0.6    137.0     13.1      0.0
    9411 8 5      0.8              -0.3      0.7    186.0     12.1      0.0
    9411 8 6      1.2              -0.3      0.7    148.0     20.8      0.0
    9411 8 7      0.9               0.4      0.2    218.0     15.4      0.0
    9411 8 8      1.0               0.8      0.0    155.0     31.4     18.1
    9411 8 9      0.9               2.2     -0.3    163.0     22.5     64.9
    9411 810      1.6               4.2     -0.6    186.0     16.2    135.4
    9411 811      2.3               5.5     -0.8    185.0     18.3    182.8
    9411 812      1.8               5.8     -0.7    199.0     31.8    130.5
    9411 813      1.6               5.9     -0.6    177.0     34.2     55.8
    9411 814      3.0               6.1     -0.5    117.0     13.9     48.1
    9411 815      3.0               6.6     -0.5    115.0     16.1     34.2
    9411 816      3.0               6.5     -0.5    106.0     15.7     17.4
    9411 817      3.8               6.2     -0.5     91.0     12.6      2.8
    9411 818      4.1               6.5     -0.5     96.0     13.0      0.0
    9411 819      4.1               6.6     -0.5     94.0     12.6      0.0
    9411 820      4.0               6.6     -0.5     94.0     12.3      0.0
    9411 821      2.8               7.6     -0.3    107.0     13.2      0.0
    9411 822      2.6               7.7     -0.4    102.0     11.3      0.0
    9411 823      2.1               7.4     -0.5     79.0      9.9      0.0
    9411 824      1.9               7.4     -0.5    103.0     29.9      0.0
    9411 9 1      2.6               7.9     -0.4    161.0     23.6      0.0
    9411 9 2      3.1               8.3     -0.5    150.0     17.8      0.0
    9411 9 3      3.2               8.4     -0.4    154.0     17.0      0.0
    9411 9 4      3.4               8.4     -0.4    160.0     16.8      0.0
    9411 9 5      5.3               8.1     -0.5    185.0     15.3      0.0
    9411 9 6      4.5               7.9     -0.4    179.0     15.4      0.0
    9411 9 7      3.9               7.9     -0.3    185.0     15.8      0.0
    9411 9 8      3.2               8.1     -0.3    186.0     17.3     11.9
    9411 9 9      4.6               8.5     -0.4    200.0     18.3     60.0
    9411 910      4.8               8.6     -0.4    199.0     16.3     81.6
    9411 911      4.3               9.1     -0.6    184.0     16.4    206.5
    9411 912      4.6              10.3     -0.7    192.0     17.2    228.9
    9411 913      5.1              11.2     -0.8    197.0     17.3    318.9
    9411 914      3.9              11.6     -0.7    204.0     19.0    207.9
    9411 915      3.3              10.7     -0.6    225.0     23.2    159.8
    9411 916      2.5               8.9      0.0    213.0     17.3     34.9
    9411 917      1.8               8.4      0.2    202.0     35.2     34.9
    9411 918      1.5               7.1      0.2     90.0     31.8      0.0
    9411 919      1.7               5.9      1.0     86.0     18.9      0.0
    9411 920      2.0               4.9      1.0    348.0     21.8      0.0
    9411 921      1.9               3.8      1.1     86.0     16.3      0.0
    9411 922      2.4               4.0      0.3     85.0     31.1      0.0
    9411 923      1.1               2.6      0.8     12.0     28.1      0.0
    9411 924      1.3               1.7      0.7    324.0     35.9      0.0
    941110 1      2.2               3.5      0.1    339.0     11.5      0.0
    941110 2      1.8               4.3     -0.6    342.0     15.9      0.0
    941110 3      1.2               4.0     -0.6     48.0     37.0      0.0
    941110 4      1.5               3.8     -0.6    357.0     23.2      0.0
    941110 5      1.5               3.6     -0.6      5.0     20.1      0.0
    941110 6      1.7               3.5     -0.6     15.0     21.1      0.0
    941110 7      1.3               3.4     -0.6     23.0     18.5      0.0
    941110 8      2.0               3.4     -0.6    343.0     19.0      9.1
    941110 9      2.4               3.3     -0.7      0.0     22.7     40.5
    94111010      2.4               3.4     -0.8    342.0     18.5    105.4
    94111011      2.6               3.9     -0.9    356.0     21.7     82.3
    94111012      2.8               4.4     -0.9    360.0     19.2    120.7
    94111013      2.2               5.1     -0.9      7.0     24.0    147.9
    94111014      1.8               5.7     -0.9     37.0     26.1    137.5
    94111015      1.5               6.4     -0.8     72.0     22.3    101.2
    94111016      1.4               6.5     -0.7     82.0     21.9     40.5
    94111017      1.9               6.0     -0.6    104.0     17.0      9.1
    94111018      1.8               5.7     -0.6    111.0     16.2      0.0
    94111019      1.4               5.5     -0.6    121.0     16.7      0.0
    94111020      1.2               5.5     -0.6    124.0     16.1      0.0
    94111021      1.7               5.5     -0.6    114.0     13.1      0.0
    94111022      0.8               5.7     -0.6    134.0     38.0      0.0
    94111023      1.1               5.8     -0.6      7.0     32.1      0.0
    94111024      1.5               5.6     -0.7     64.0     24.5      0.0
    941111 1      1.1               5.3     -0.6     33.0     26.2      0.0
    941111 2      1.4               5.2     -0.7     43.0     46.8      0.0
    941111 3      0.9               5.1     -0.6     55.0     48.9      0.0
    941111 4      1.3               4.9     -0.6    137.0     35.5      0.0
    941111 5      2.1               4.5     -0.6    151.0     21.2      0.0
    941111 6      2.5               3.9     -0.6    132.0     15.0      0.0
    941111 7      1.6               3.7     -0.6    120.0     14.8      0.0
    941111 8      1.6               3.6     -0.7    104.0     31.1      5.6
    941111 9      2.0               4.0     -0.7    160.0     19.0     20.2
    94111110      1.9               4.1     -0.7    158.0     15.6     25.1
    94111111      2.3               4.4     -0.7    155.0     17.9     44.0
    94111112      2.8               4.6     -0.7    163.0     15.4     33.5
    94111113      3.2               4.7     -0.7    168.0     16.9     46.8
    94111114      2.1               5.1     -0.7    214.0     18.6     34.2
    94111115      2.1               5.3     -0.6    220.0     18.9     32.1
    94111116      2.1               5.5     -0.6    170.0     17.8     16.7
    94111117      2.8               5.6     -0.5    149.0     17.4      4.9
    94111118      2.5               5.6     -0.5    166.0     13.9      0.0
    94111119      1.3               5.4     -0.5    189.0     16.9      0.0
    94111120      1.1               5.5     -0.5    222.0     30.3      0.0
    94111121      1.7               5.8     -0.6    219.0     19.1      0.0
    94111122      1.8               6.1     -0.6    239.0     21.4      0.0
    94111123      1.7               6.2     -0.5    254.0     28.3      0.0
    94111124      2.0               6.1     -0.5    252.0     18.8      0.0
    941112 1      1.4               5.8     -0.3    295.0     20.7      0.0
    941112 2      1.1               5.1     -0.1    244.0     20.8      0.0
    941112 3      1.8               4.8     -0.3    221.0     12.3      0.0
    941112 4      1.2               4.7     -0.2    218.0     31.1      0.0
    941112 5      0.9               4.8     -0.3    191.0     47.0      0.0
    941112 6      1.2               4.4      0.0    245.0     24.6      0.0
    941112 7      0.9               4.2      0.1    268.0     21.7      0.0
    941112 8      1.8               3.5      0.3    199.0     11.5     22.3
    941112 9      2.5               4.9     -0.4    210.0     13.5     87.2
    94111210      2.9               6.0     -0.6    214.0     13.9    234.5
    94111211      2.8               7.0     -0.8    215.0     16.7    215.6
    94111212      2.5               8.0     -0.8    207.0     19.1    191.2
    94111213      2.5               8.5     -0.6    218.0     19.0    138.2
    94111214      1.5               8.1     -0.6    181.0     26.5    144.4
    94111215      1.7               8.3     -0.6    181.0     17.5    116.5
    94111216      2.5               8.1     -0.5    198.0     12.3     69.1
    94111217      2.3               7.5     -0.4    213.0     13.0     19.5
    94111218      1.9               7.3     -0.4    211.0     12.1      0.0
    94111219      1.6               7.1     -0.4    206.0     11.8      0.0
    94111220      2.1               6.1     -0.1    199.0     10.6      0.0
    94111221      2.3               6.3     -0.3    200.0     13.9      0.0
    94111222      2.5               6.3     -0.4    208.0     13.6      0.0
    94111223      2.0               6.2     -0.4    197.0     17.8      0.0
    94111224      1.7               5.6     -0.2    173.0     21.9      0.0
    941113 1      1.7               5.4     -0.3    188.0     13.0      0.0
    941113 2      2.0               5.9     -0.4    193.0     17.8      0.0
    941113 3      2.2               6.2     -0.5    199.0     16.8      0.0
    941113 4      1.9               6.1     -0.5    221.0     15.9      0.0
    941113 5      3.1               5.9     -0.5    206.0     17.8      0.0
    941113 6      3.1               6.1     -0.4    209.0     15.1      0.0
    941113 7      2.6               6.3     -0.5    225.0     14.3      0.0
    941113 8      2.9               6.4     -0.5    211.0     14.7     11.2
    941113 9      3.5               6.8     -0.6    214.0     16.4     42.6
    94111310      4.0               7.4     -0.7    216.0     15.3     94.9
    94111311      3.8               8.1     -0.8    215.0     16.2    144.4
    94111312      3.4               9.1     -0.8    218.0     17.0    198.9
    94111313      3.0               9.7     -0.8    215.0     16.9    169.6
    94111314      3.5              10.3     -0.8    210.0     19.1    180.7
    94111315      3.7               9.7     -0.6    204.0     15.9     75.4
    94111316      3.0               9.2     -0.5    192.0     14.0     24.4
    94111317      2.7               9.1     -0.4    199.0     14.2      4.9
    94111318      2.5               8.7     -0.3    198.0     13.9      0.0
    94111319      2.0               8.6     -0.3    184.0     12.9      0.0
    94111320      1.8               8.5     -0.2    166.0     12.9      0.0
    94111321      1.6               7.4      0.5    146.0      9.8      0.0
    94111322      1.0               5.9      1.3    120.0     13.5      0.0
    94111323      2.0               5.5      0.8     80.0      6.9      0.0
    94111324      1.3               4.7      0.8     86.0     15.2      0.0
    941114 1      0.9               4.9      0.4    112.0     12.8      0.0
    941114 2      0.8               4.8      0.5    218.0     18.6      0.0
    941114 3      0.8               4.0      0.6    200.0     17.4      0.0
    941114 4      1.3               3.5      0.5    147.0     13.0      0.0
    941114 5      1.1               3.1      0.5    236.0     14.3      0.0
    941114 6      1.1               2.7      0.4     82.0     29.3      0.0
    941114 7      1.7               2.5      0.4    150.0      7.7      0.0
    941114 8      1.5               2.6      0.3    160.0     15.8     22.3
    941114 9      1.4               4.3     -0.3    168.0     19.6     96.3
    94111410      1.2               6.0     -0.6    202.0     21.6    129.1
    94111411      0.8               7.3     -0.8    126.0     57.3    235.9
    94111412      1.0               9.1     -1.1    229.0     62.0    346.1
    94111413      1.1              10.2     -1.1    139.0     52.5    305.6
    94111414      1.8              11.2     -0.9    182.0     32.8    235.9
    94111415      1.7              10.9     -0.6    162.0     33.4    131.2
    94111416      1.2              10.4     -0.3    140.0     20.6     53.7
    94111417      1.8               9.4     -0.2     74.0     13.9      7.0
    94111418      2.1               8.6     -0.2     83.0     11.7      0.0
    94111419      1.5               7.7      0.0     78.0     23.5      0.0
    94111420      1.8               7.6     -0.1     81.0     10.4      0.0
    94111421      2.1               7.6     -0.2     79.0     34.9      0.0
    94111422      3.3               8.1     -0.4     74.0     13.1      0.0
    94111423      2.5               7.9     -0.3     82.0     39.3      0.0
    94111424      2.1               8.1     -0.3    113.0     30.3      0.0
    941115 1      1.8               7.3     -0.3    110.0     14.5      0.0
    941115 2      2.1               6.6     -0.2     92.0     11.3      0.0
    941115 3      4.1               6.4     -0.5     76.0     11.9      0.0
    941115 4      5.1               6.0     -0.6     81.0     12.4      0.0
    941115 5      5.4               5.8     -0.6     75.0     12.5      0.0
    941115 6      4.9               5.6     -0.6     68.0     15.0      0.0
    941115 7      3.6               5.6     -0.6     50.0     17.3      0.0
    941115 8      3.9               5.6     -0.6     47.0     15.9      4.2
    941115 9      3.4               6.0     -0.6     10.0     16.8     14.0
    94111510      2.7               6.1     -0.7    360.0     18.9     50.9
    94111511      2.6               7.3     -0.8     27.0     25.4    159.8
    94111512      4.4               8.8     -0.8     56.0     16.9    212.8
    94111513      3.5               9.0     -0.7     51.0     19.7    117.2
    94111514      2.8               8.5     -0.6    350.0     17.2     34.9
    94111515      2.8               7.9     -0.7      3.0     25.1     50.9
    94111516      2.5               8.0     -0.6     55.0     51.2     26.5
    94111517      1.3               8.0     -0.6    360.0     32.3      9.1
    94111518      1.9               7.8     -0.6    340.0     12.8      0.0
    94111519      1.8               7.8     -0.6    311.0     14.5      0.0
    94111520      1.5               7.6     -0.6    295.0     20.3      0.0
    94111521      1.3               7.4     -0.5    248.0     27.0      0.0
    94111522      2.5               7.2     -0.5    266.0     14.0      0.0
    94111523      3.3               7.1     -0.6    286.0     15.3      0.0
    94111524      3.0               6.5     -0.5    246.0     15.0      0.0
    941116 1      4.0               6.2     -0.5    199.0     14.2      0.0
    941116 2      4.3               6.0     -0.4    193.0     15.4      0.0
    941116 3      6.3               4.7     -0.6    209.0     17.2      0.0
    941116 4      5.1               4.2     -0.7    225.0     15.1      0.0
    941116 5      4.6               4.3     -0.6    220.0     15.8      0.0
    941116 6      3.7               4.3     -0.6    248.0     22.4      0.0
    941116 7      3.3               4.0     -0.5    232.0     17.0      0.0
    941116 8      3.8               4.0     -0.5    237.0     21.3     10.5
    941116 9      4.2               4.2     -0.6    218.0     17.7     69.8
    94111610      4.3               4.8     -0.7    239.0     18.5     93.5
    94111611      4.7               6.4     -0.7    238.0     17.7    181.4
    94111612      4.6               4.9     -0.8    275.0     19.0    114.4
    94111613      3.8               7.0     -1.1    227.0     17.9    314.0
    94111614      3.1               4.3     -0.5    272.0     33.3     50.9
    94111615      4.7               5.2     -0.6    275.0     21.8     65.6
    94111616      4.0               5.3     -0.5    227.0     17.0     27.9
    94111617      3.2               4.7     -0.6    214.0     15.0      2.1
    94111618      1.9               4.6     -0.6    210.0     25.4      0.0
    94111619      1.7               4.2     -0.7    353.0     30.4      0.0
    94111620      1.2               3.4     -0.7     99.0     18.5      0.0
    94111621      1.4               3.1     -0.4    158.0     19.6      0.0
    94111622      2.2               3.3     -0.4    201.0     11.9      0.0
    94111623      1.6               3.6     -0.6    205.0     46.7      0.0
    94111624      1.8               2.6     -0.6    221.0     28.4      0.0
    941117 1      2.4               2.4     -0.6    218.0     14.3      0.0
    941117 2      2.6               2.5     -0.6    243.0     18.4      0.0
    941117 3      1.8               1.6     -0.3    215.0     16.1      0.0
    941117 4      2.2               1.6     -0.5    191.0     15.0      0.0
    941117 5      2.5               1.4     -0.6    176.0     14.8      0.0
    941117 6      1.8               1.6     -0.5    170.0     19.5      0.0
    941117 7      2.0               1.9     -0.5    181.0     14.7      0.0
    941117 8      2.1               2.2     -0.6    188.0     15.4      9.1
    941117 9      2.1               2.5     -0.7    201.0     17.3     34.9
    94111710      1.4               3.0     -0.8    217.0     20.8     73.3
    94111711      1.3               3.6     -0.9     15.0     50.0     69.1
    94111712      2.7               4.3     -1.0    358.0     16.2    158.4
    94111713      3.1               5.1     -1.0    338.0     17.5    174.5
    94111714      4.1               5.8     -1.0    337.0     15.4    253.3
    94111715      4.2               6.6     -0.9    338.0     16.8    216.3
    94111716      4.3               6.5     -0.6    341.0     16.1    148.6
    94111717      3.8               5.7     -0.5    337.0     13.9     23.0
    94111718      3.5               5.1     -0.5    336.0     14.0      0.0
    94111719      3.1               4.0     -0.4    332.0     12.9      0.0
    94111720      2.6               3.0     -0.3    337.0     13.0      0.0
    94111721      2.4               1.9      0.1    331.0      9.7      0.0
    94111722      1.8               0.7      0.6    346.0     23.4      0.0
    94111723      2.1               0.4      0.5    329.0     10.6      0.0
    94111724      1.3              -0.1      0.6    356.0     46.0      0.0
    941118 1      1.2              -1.3      1.0    336.0     21.7      0.0
    941118 2      1.1              -1.3     -0.2    132.0     14.1      0.0
    941118 3      1.3              -1.0     -0.3    234.0     17.4      0.0
    941118 4      0.8              -1.8      0.0     23.0     43.6      0.0
    941118 5      0.8              -1.3     -0.4    109.0     50.1      0.0
    941118 6      0.7              -0.5     -0.7     73.0     40.9      0.0
    941118 7      1.3              -0.4     -0.7     90.0     14.6      0.0
    941118 8      1.1              -1.1     -0.8    112.0     25.0     14.7
    941118 9      0.9              -0.8     -0.8     71.0     35.9     35.6
    94111810      0.5               0.0     -0.8    130.0     54.9     59.3
    94111811      1.1               0.7     -0.9    250.0     40.8     58.6
    94111812      1.9               1.3     -1.0    206.0     33.1     64.9
    94111813      1.8               1.6     -0.9    218.0     21.3     67.0
    94111814      1.9               2.0     -0.9    211.0     27.2     55.8
    94111815      2.5               1.7     -0.9    193.0     17.2     52.3
    94111816      1.9               1.6     -0.8    185.0     30.4     27.9
    94111817      1.8               1.6     -0.8    190.0     16.3      4.2
    94111818      1.8               1.6     -0.8    196.0     21.6      0.0
    94111819      1.1               1.6     -0.7    198.0     27.9      0.0
    94111820      0.9               1.8     -0.7    247.0     33.1      0.0
    94111821      0.9               1.8     -0.7    143.0     23.4      0.0
    94111822      1.5               1.8     -0.6    117.0     12.4      0.0
    94111823      1.1               1.3     -0.4     80.0     18.4      0.0
    94111824      1.1               1.2     -0.4    325.0     49.1      0.0
    941119 1      1.5               1.6     -0.7    122.0     12.3      0.0
    941119 2      1.4               1.4     -0.7    129.0     45.3      0.0
    941119 3      1.8               1.6     -0.7    159.0     17.4      0.0
    941119 4      1.1               1.8     -0.7    165.0     35.6      0.0
    941119 5      1.9               1.9     -0.7    128.0     14.7      0.0
    941119 6      1.3               1.7     -0.7    123.0     53.9      0.0
    941119 7      0.9               1.9     -0.7      9.0     30.5      0.0
    941119 8      1.2               2.1     -0.7     81.0     32.5      4.9
    941119 9      1.4               2.6     -0.7     98.0     24.7     22.3
    94111910      1.9               3.0     -0.7    148.0     15.9     27.2
    94111911      1.7               3.2     -0.8    132.0     17.7     48.1
    94111912      2.2               3.7     -0.8    157.0     21.4     39.1
    94111913      3.9               4.7     -0.8    196.0     17.9     27.9
    94111914      3.8               5.2     -0.8    182.0     16.1     24.4
    94111915      4.3               5.7     -0.8    200.0     18.8     30.0
    94111916      4.9               6.0     -0.7    191.0     16.3     16.0
    94111917      5.9               6.6     -0.6    191.0     15.4      2.8
    94111918      6.1               7.1     -0.6    192.0     15.6      0.0
    94111919      6.4               7.5     -0.7    195.0     15.4      0.0
    94111920      5.8               7.6     -0.7    222.0     20.8      0.0
    94111921      3.2               6.7     -0.7    279.0     13.9      0.0
    94111922      1.3               6.2     -0.6    210.0     15.2      0.0
    94111923      1.4               6.1     -0.5    232.0     22.9      0.0
    94111924      2.5               5.9     -0.4    281.0     17.9      0.0
    941120 1      1.3               3.9      0.5    242.0     31.5      0.0
    941120 2      1.7               2.4      0.9    205.0     13.1      0.0
    941120 3      1.7               2.4      0.6    214.0     13.1      0.0
    941120 4      1.8               2.3      0.9    246.0     22.8      0.0
    941120 5      1.8               2.8      0.6    237.0     15.3      0.0
    941120 6      2.1               2.9      0.2    247.0     14.8      0.0
    941120 7      2.5               3.3     -0.2    270.0     15.6      0.0
    941120 8      2.2               2.6     -0.2    215.0     10.7     18.1
    941120 9      2.2               3.5     -0.5    215.0     14.5    122.1
    94112010      2.4               5.1     -0.8    199.0     16.3    238.6
    94112011      2.6               6.4     -1.1    207.0     19.2    330.8
    94112012      2.5               7.6     -1.2    221.0     17.8    376.8
    94112013      2.8               9.3     -1.5    254.0     25.6    510.8
    94112014      2.5               8.9     -1.3    279.0     24.4    257.5
    94112015      2.5               7.3     -0.8    343.0     18.5     33.5
    94112016      2.0               5.2     -0.6    245.0     34.5     74.0
    94112017      1.2               3.8      0.3    219.0     23.9     13.3
    94112018      1.2               3.3      0.0    216.0     35.6      0.0
    94112019      1.8               3.1     -0.3    176.0     13.0      0.0
    94112020      1.6               2.0     -0.1    188.0     15.4      0.0
    94112021      1.3               0.9      0.5    164.0     16.1      0.0
    94112022      1.5               0.0      0.9    171.0      9.1      0.0
    94112023      1.3              -0.6      0.7    146.0     10.1      0.0
    94112024      1.7              -0.8     -0.1    133.0     10.4      0.0
    941121 1      1.2              -1.4      0.0    124.0     12.1      0.0
    941121 2      0.8              -1.5     -0.1    146.0     32.6      0.0
    941121 3      1.2              -1.9     -0.3    137.0     16.8      0.0
    941121 4      0.8              -2.3     -0.7     88.0     37.8      0.0
    941121 5      0.5              -1.5     -0.8    197.0     54.1      0.0
    941121 6      0.5              -1.1     -0.9    145.0     60.4      0.0
    941121 7      0.7              -1.6     -0.9     95.0     60.5      0.0
    941121 8      1.1              -1.8     -0.9     12.0     27.3      9.1
    941121 9      1.0              -0.6     -0.8     38.0     32.5     51.6
    94112110      1.2              -0.1     -0.8     71.0     18.0     98.4
    94112111      1.0               0.7     -1.0     29.0     41.0    130.5
    94112112      1.1               2.8     -1.4     34.0     39.3    178.6
    94112113      1.3               5.0     -2.5     91.0     38.6    266.6
    94112114      1.2               8.4     -4.4    107.0     35.9    327.3
    94112115      1.5               9.1     -4.8     84.0     46.9    234.5
    94112116      1.3               4.4     -1.1    121.0     29.0     96.3
    94112117      1.1               1.1      0.2     84.0     21.8     11.2
    94112118      1.1              -0.5      0.8     35.0     16.7      0.0
    94112119      1.5               1.2     -0.6     48.0     23.9      0.0
    94112120      1.1               1.1     -0.8     13.0     43.8      0.0
    94112121      1.2               0.8     -0.8     48.0     36.6      0.0
    94112122      1.4               0.3     -0.8     72.0     17.5      0.0
    94112123      1.3              -1.1     -0.3    109.0     21.9      0.0
    94112124      0.6              -0.8     -0.8    223.0     48.7      0.0
    941122 1      0.8              -0.8     -1.2     82.0     29.5      0.0
    941122 2      1.0              -1.0     -0.9    137.0     26.2      0.0
    941122 3      1.1              -1.6     -0.8    175.0     24.4      0.0
    941122 4      1.7              -1.4     -0.8    191.0     17.2      0.0
    941122 5      1.9              -1.6     -0.8    200.0     18.8      0.0
    941122 6      1.6              -2.0     -0.7    187.0     21.1      0.0
    941122 7      2.1              -2.4     -0.5    175.0     15.1      0.0
    941122 8      1.7              -2.5     -0.5    191.0     17.3     15.4
    941122 9      1.9              -2.0     -0.8    177.0     15.7     77.5
    94112210      2.7              -1.1     -1.1    180.0     14.7    191.2
    94112211      2.9               2.0     -3.4    195.0     13.9    309.8
    94112212      3.3               6.3     -4.8    197.0     14.8    392.2
    94112213      3.4               8.5     -5.2    185.0     18.9    407.5
    94112214      3.7               6.5     -3.8    179.0     15.7    231.7
    94112215      2.8               4.9     -2.3    181.0     17.2    147.2
    94112216    999.0              99.0      9.0    999.0     99.0      0.0
    94112217      2.5               1.7     -0.5    185.0     13.2      7.7
    94112218      1.8               0.6     -0.5    164.0     13.7      0.0
    94112219      1.3              -0.3     -0.2    170.0     19.6      0.0
    94112220      1.3              -0.1     -0.6    163.0     22.5      0.0
    94112221      1.4               0.3     -0.8    173.0     27.2      0.0
    94112222      1.4               0.7     -0.8    169.0     29.5      0.0
    94112223      1.9               1.2     -0.8    135.0     37.1      0.0
    94112224      2.0               2.4     -0.5    139.0     31.6      0.0
    941123 1      3.2               3.9     -0.6    171.0     29.2      0.0
    941123 2      1.0               2.7     -0.7    349.0     56.7      0.0
    941123 3      2.7               3.4     -0.6    154.0     24.0      0.0
    941123 4      3.6               4.3     -0.6    169.0     17.8      0.0
    941123 5      2.8               4.9     -0.6    165.0     16.1      0.0
    941123 6      2.1               5.2     -0.5    121.0     19.5      0.0
    941123 7      1.5               5.4     -0.3     92.0     34.5      0.0
    941123 8      3.0               6.1     -0.5    196.0     18.0      2.1
    941123 9      3.5               6.0     -0.7    212.0     17.9      7.0
    94112310      3.2               6.0     -0.8    236.0     16.5     16.7
    94112311      2.7               6.0     -0.9    248.0     15.2     44.0
    94112312      2.1               6.0     -0.9    259.0     16.5     47.5
    94112313      2.4               6.1     -0.9    263.0     15.1     45.4
    94112314      1.9               6.3     -0.9    263.0     18.1     37.0
    94112315      1.5               6.3     -0.9    273.0     17.5     20.9
    94112316      1.4               6.3     -0.8    255.0     18.0     15.4
    94112317      1.3               6.3     -0.8    345.0     30.0      2.8
    94112318      0.8               6.2     -0.8     78.0     36.7      0.0
    94112319      0.7               6.1     -0.7     87.0     25.9      0.0
    94112320      1.1               6.1     -0.7     89.0     28.5      0.0
    94112321      1.4               6.0     -0.8     61.0     16.9      0.0
    94112322      1.3               5.9     -0.8    360.0     19.5      0.0
    94112323      1.2               5.7     -0.8     70.0     29.4      0.0
    94112324      1.1               5.5     -0.7    112.0     25.0      0.0
    941124 1      0.7               5.5     -0.7     43.0     36.7      0.0
    941124 2      0.8               5.6     -0.7     98.0     25.5      0.0
    941124 3      0.8               5.4     -0.6     77.0     17.3      0.0
    941124 4      0.9               5.4     -0.7     80.0     28.1      0.0
    941124 5      1.0               5.8     -0.7     65.0     31.6      0.0
    941124 6      1.2               5.9     -0.7     77.0     37.2      0.0
    941124 7      1.4               5.8     -0.6     91.0     21.7      0.0
    941124 8      2.2               5.8     -0.6     86.0     25.2      7.0
    941124 9      1.3               6.2     -0.8    359.0     32.7     28.6
    94112410      2.0               6.6     -0.9    101.0     18.4     80.9
    94112411      2.8               7.6     -0.9    100.0     16.8    151.4
    94112412      2.3               8.3     -0.8    109.0     23.2     90.7
    94112413      2.5               9.2     -0.9    101.0     18.3    146.5
    94112414      2.4               9.1     -0.8    184.0     32.3     59.3
    94112415      3.1               9.1     -0.8    157.0     14.7     47.5
    94112416      3.2               9.0     -0.7    136.0     13.7     19.5
    94112417      3.0               8.5     -0.7    120.0     13.1      2.8
    94112418      3.4               7.8     -0.7     86.0     12.4      0.0
    94112419      5.1               6.9     -0.7     97.0     14.0      0.0
    94112420      3.0               7.2     -0.6    115.0     19.7      0.0
    94112421      4.1               8.4     -0.6    198.0     17.2      0.0
    94112422      4.4               7.8     -0.6    162.0     12.9      0.0
    94112423      3.6               7.8     -0.6    156.0     13.7      0.0
    94112424      2.8               7.8     -0.5    165.0     15.8      0.0
    941125 1      5.2               8.0     -0.5    206.0     16.1      0.0
    941125 2      4.7               6.9     -0.7    213.0     16.4      0.0
    941125 3      2.8               6.1     -0.6    246.0     20.6      0.0
    941125 4      2.7               5.5     -0.7    181.0     13.1      0.0
    941125 5      2.5               5.1     -0.7    182.0     15.3      0.0
    941125 6      1.9               4.9     -0.6    182.0     19.1      0.0
    941125 7      2.2               4.9     -0.6    187.0     13.4      0.0
    941125 8      2.8               5.1     -0.7    200.0     17.3      7.0
    941125 9      2.6               5.2     -0.8    184.0     17.4     74.0
    94112510      2.5               5.3     -0.8    181.0     15.9     61.4
    94112511      2.6               5.7     -0.9    172.0     18.8    124.9
    94112512      3.6               6.0     -0.9    199.0     16.7     96.3
    94112513      4.6               5.7     -0.9    202.0     14.6    128.4
    94112514      5.4               5.8     -0.8    196.0     16.8     99.1
    94112515      5.1               5.6     -0.8    203.0     15.9    106.8
    94112516      4.1               5.4     -0.8    212.0     20.7     30.0
    94112517      2.9               3.3     -0.7    192.0     18.0      8.4
    94112518      4.0               3.2     -0.7    195.0     14.7      0.0
    94112519      3.8               3.2     -0.7    191.0     14.7      0.0
    94112520      4.7               3.6     -0.7    204.0     15.1      0.0
    94112521      3.9               2.6     -0.8    210.0     16.2      0.0
    94112522      3.4               1.7     -0.8    213.0     15.1      0.0
    94112523      3.0               2.1     -0.8    223.0     16.1      0.0
    94112524      3.2               2.3     -0.8    219.0     16.4      0.0
    941126 1      3.3               2.5     -0.8    210.0     16.7      0.0
    941126 2      2.9               2.5     -0.8    214.0     15.9      0.0
    941126 3      3.7               2.4     -0.8    216.0     13.1      0.0
    941126 4      3.5               2.3     -0.8    223.0     14.7      0.0
    941126 5      3.0               2.2     -0.8    204.0     16.7      0.0
    941126 6      3.2               2.2     -0.8    219.0     15.0      0.0
    941126 7      2.5               2.4     -0.8    210.0     16.9      0.0
    941126 8      3.4               2.5     -0.8    216.0     14.7      4.2
    941126 9      3.6               2.8     -0.8    208.0     16.2     36.3
    94112610      4.0               3.4     -0.9    208.0     16.4     78.9
    94112611      4.4               3.7     -0.9    212.0     14.6    107.5
    94112612      4.3               4.7     -0.9    207.0     15.9    117.2
    94112613      4.5               5.9     -1.0    209.0     16.3    208.6
    94112614      4.5               6.0     -0.9    201.0     16.2     87.9
    94112615      4.6               5.9     -0.8    203.0     15.8     34.2
    94112616      4.8               5.8     -0.8    194.0     15.2     41.2
    94112617      4.1               5.7     -0.7    188.0     15.6      4.2
    94112618      4.1               5.5     -0.7    189.0     16.7      0.0
    94112619      4.4               5.4     -0.7    190.0     14.8      0.0
    94112620      3.9               5.4     -0.6    181.0     14.5      0.0
    94112621      4.2               5.4     -0.6    179.0     15.2      0.0
    94112622      5.0               5.6     -0.6    184.0     15.1      0.0
    94112623      6.0               5.3     -0.6    188.0     15.1      0.0
    94112624      4.0               5.0     -0.6    167.0     15.8      0.0
    941127 1      2.5               4.5     -0.7    113.0     16.9      0.0
    941127 2      1.8               3.6     -0.8    129.0     16.1      0.0
    941127 3      2.1               3.5     -0.8    131.0     12.8      0.0
    941127 4      2.4               3.8     -0.7    148.0     16.8      0.0
    941127 5      3.9               4.5     -0.7    194.0     16.2      0.0
    941127 6      3.7               5.0     -0.7    218.0     17.5      0.0
    941127 7      3.4               5.0     -0.8    224.0     19.5      0.0
    941127 8      3.9               5.1     -0.7    204.0     14.3      4.2
    941127 9      3.6               5.4     -0.7    209.0     14.7     12.6
    94112710      3.5               5.9     -0.8    219.0     13.9     72.6
    94112711      3.2               6.8     -0.8    222.0     17.0    141.7
    94112712      3.8               7.2     -0.8    263.0     20.5     99.1
    94112713      2.5               7.5     -1.0    273.0     16.3    170.3
    94112714      4.0               8.0     -1.1    272.0     21.0    284.7
    94112715      3.8               8.0     -0.9    250.0     18.5    202.4
    94112716      4.0               7.1     -0.7    241.0     14.8     83.7
    94112717      3.6               6.7     -0.7    227.0     14.5      7.0
    94112718      3.0               5.6     -0.5    218.0     11.8      0.0
    94112719      2.9               5.1     -0.6    225.0     15.6      0.0
    94112720      2.5               4.5     -0.5    219.0     13.1      0.0
    94112721      1.8               4.2     -0.5    191.0     37.7      0.0
    94112722      2.7               4.2     -0.5    198.0     14.1      0.0
    94112723      3.0               4.1     -0.5    212.0     14.6      0.0
    94112724      3.1               4.3     -0.6    218.0     12.6      0.0
    941128 1      2.9               4.3     -0.6    223.0     13.6      0.0
    941128 2      2.7               4.2     -0.6    218.0     28.7      0.0
    941128 3      1.7               3.9     -0.5    216.0     38.3      0.0
    941128 4      2.9               4.1     -0.6    218.0     13.0      0.0
    941128 5      2.3               4.3     -0.6    220.0     14.0      0.0
    941128 6      2.2               4.4     -0.6    213.0     15.9      0.0
    941128 7      2.2               4.3     -0.6    199.0     21.6      0.0
    941128 8      2.5               4.4     -0.7    220.0     15.4      5.6
    941128 9      2.4               4.8     -0.8    206.0     17.5     53.7
    94112810      3.4               5.6     -0.9    209.0     13.1    105.4
    94112811      2.9               7.0     -1.1    211.0     17.5    218.4
    94112812      3.4               8.2     -1.1    214.0     19.0    276.3
    94112813      3.9               9.0     -1.1    223.0     16.1    251.2
    94112814      3.4               8.8     -1.0    223.0     18.5    163.3
    94112815      3.5               8.5     -0.8    214.0     15.7     78.2
    94112816      2.7               8.0     -0.7    211.0     15.8     18.1
    94112817      3.2               7.0     -0.7    197.0     14.5      2.8
    94112818      3.0               6.7     -0.6    192.0     14.3      0.0
    94112819      3.0               6.6     -0.6    184.0     14.0      0.0
    94112820      2.6               6.7     -0.6    170.0     13.7      0.0
    94112821      2.8               6.5     -0.6    167.0     12.9      0.0
    94112822      2.3               6.6     -0.5    171.0     11.5      0.0
    94112823      2.2               6.6     -0.6    126.0     14.0      0.0
    94112824      2.1               6.3     -0.6    105.0     11.2      0.0
    941129 1      1.6               5.9     -0.6    116.0     13.4      0.0
    941129 2      2.1               5.7     -0.6    147.0     14.5      0.0
    941129 3      3.8               6.2     -0.6    178.0     15.6      0.0
    941129 4      5.1               7.0     -0.6    188.0     15.3      0.0
    941129 5      6.1               7.7     -0.6    192.0     15.3      0.0
    941129 6      6.5               7.3     -0.7    193.0     17.7      0.0
    941129 7      6.9               7.0     -0.7    192.0     15.1      0.0
    941129 8      6.6               7.1     -0.7    192.0     15.7      0.0
    941129 9      6.9               7.3     -0.6    195.0     15.0      7.7
    94112910      6.1               7.6     -0.7    199.0     15.9     18.8
    94112911      5.8               8.2     -0.7    199.0     15.3     52.3
    94112912      5.1               9.0     -0.7    199.0     16.8     52.3
    94112913      5.5               9.6     -0.7    195.0     16.7     50.9
    94112914      6.0              10.3     -0.7    199.0     15.8     75.4
    94112915      5.6              10.5     -0.6    196.0     17.4     36.3
    94112916      5.5              10.6     -0.6    197.0     17.5     16.7
    94112917      5.5              10.9     -0.6    204.0     16.1      4.2
    94112918      5.2              11.1     -0.6    205.0     14.6      0.0
    94112919      4.5              11.0     -0.6    202.0     17.4      0.0
    94112920      3.8              11.2     -0.6    194.0     18.1      0.0
    94112921      3.9              11.3     -0.6    195.0     19.0      0.0
    94112922      4.6              11.5     -0.6    189.0     17.0      0.0
    94112923      5.3              11.8     -0.6    198.0     16.4      0.0
    94112924      5.4              12.1     -0.6    204.0     15.8      0.0
    941130 1      5.9              12.2     -0.6    196.0     14.6      0.0
    941130 2      5.4              12.4     -0.6    197.0     15.4      0.0
    941130 3      6.5              12.6     -0.5    200.0     14.8      0.0
    941130 4      6.3              12.7     -0.6    199.0     15.3      0.0
    941130 5      6.7              12.8     -0.6    202.0     16.3      0.0
    941130 6      8.1              12.9     -0.5    204.0     14.7      0.0
    941130 7      7.0              11.8     -0.5    206.0     15.0      0.0
    941130 8      7.7              11.3     -0.6    205.0     15.1      0.0
    941130 9      8.2              11.2     -0.7    203.0     15.6      7.7
    94113010      8.3              11.2     -0.7    203.0     14.7     24.4
    94113011      9.1              11.1     -0.8    202.0     15.2     26.5
    94113012      8.9              11.2     -0.8    203.0     15.7     25.8
    94113013      8.0              11.2     -0.8    201.0     15.9     24.4
    94113014      9.3              11.2     -0.8    201.0     15.3     21.6
    94113015      8.9              11.2     -0.8    205.0     15.0     13.3
    94113016      7.3              10.5     -0.9    245.0     16.1      4.2
    94113017      4.8               9.4     -0.9    248.0     16.8      0.0
    94113018      5.9               9.2     -0.8    211.0     14.2      0.0
    94113019      5.1               9.1     -0.6    204.0     13.9      0.0
    94113020      5.2               9.1     -0.6    193.0     14.0      0.0
    94113021      5.1               9.1     -0.6    195.0     15.3      0.0
    94113022      3.6               8.9     -0.7    197.0     15.7      0.0
    94113023      3.6               9.0     -0.7    205.0     17.8      0.0
    94113024      3.7               9.0     -0.7    206.0     15.4      0.0
