*T              HEADER RECORDS FOR UA-PATHWAY                                      
*  UA  IN2  USER  24157-94.MIX  (A5, 3I2, 2X, I4, 14X, I4)  24157                  
*  UA  IQA  DISK  IQAUA.121                                                        
*  UA  EXT  94 10 31   94 12 01                                                    
*@ UA  LOC  24157  117.53W  47.63N  0                                              
*  UA  OQA  DISK  OQAUA.121                                                        
*  UA *** UPPER AIR EXTRACTION - MPRM DATED 99349                                  
*  UA     UPPER AIR DATA QA  -  MPRM DATED 99349
 94103112    0   678   733
 9411 112    0  1029   653
 9411 212    0   447   898
 9411 312    0   308   357
 9411 412    0   380   274
 9411 512    0   228   152
 9411 612    0   348   288
 9411 712    0   359   327
 9411 812    0   157   321
 9411 912    0   772   651
 94111012    0   723   253
 94111112    0   354   430
 94111212    0   311   248
 94111312    0   171   262
 94111412    0    67   338
 94111512    0   668   254
 94111612    0   143   254
 94111712    0   669   182
 94111812    0   860   712
 94111912    0   222   365
 94112012    0  1051   383
 94112112    0   872   541
 94112212    0   141   107
 94112312    0   333   251
 94112412    0   356   177
 94112512    0   556    71
 94112612    0   712   348
 94112712    0   899   362
 94112812    0   101   138
 94112912    0   576   799
 94113012    0   179   314
 9412 112    0   807   807
