         1      500.        46         1
     3641.    67281.     3683.    67299.     3723.    67234.     3779.    67132.
     3870.    67262.     3849.    67299.     3909.    67313.     3952.    67419.
     4022.    67486.     3972.    67535.     4052.    67692.     4182.    67802.
     4390.    67812.     4509.    67841.     4578.    67939.     4601.    68084.
     4623.    68229.     4585.    68298.     4466.    68396.     4324.    68319.
     4146.    68301.     4004.    68380.     3879.    68371.     3741.    68289.
     3659.    68209.     3558.    68084.     3453.    68074.     3414.    68215.
     3327.    68246.     3290.    68199.     3196.    68150.     3167.    68052.
     3242.    68038.     3196.    67934.     3141.    68006.     3101.    67935.
     3176.    67793.     3214.    67601.     3112.    67582.     3038.    67440.
     3006.    67345.     2998.    67188.     3065.    67033.     3193.    67116.
     3416.    67234.     3529.    67198.
         2      550.        30         1
     3604.    67354.     3642.    67369.     3751.    67330.     3813.    67378.
     3792.    67433.     3880.    67572.     3952.    67677.     4172.    67896.
     4264.    67872.     4395.    67883.     4524.    68051.     4571.    68237.
     4311.    68253.     4175.    68228.     4005.    68311.     3920.    68337.
     3742.    68256.     3666.    68128.     3567.    68050.     3402.    68017.
     3260.    67935.     3228.    67780.     3218.    67702.     3259.    67518.
     3119.    67492.     3082.    67361.     3153.    67219.     3272.    67224.
     3365.    67329.     3499.    67292.
         3      600.        27         1
     3590.    67390.     3701.    67409.     3831.    67518.     3879.    67686.
     3911.    67754.     4057.    67897.     4144.    67950.     4291.    67957.
     4381.    68002.     4415.    68132.     4288.    68186.     4140.    68128.
     4108.    68054.     4038.    68034.     4067.    68160.     3955.    68286.
     3888.    68297.     3741.    68221.     3749.    68133.     3650.    68069.
     3524.    67973.     3429.    67984.     3272.    67866.     3258.    67699.
     3289.    67539.     3383.    67440.     3519.    67415.
         4      650.        19         1
     3565.    67441.     3605.    67491.     3720.    67501.     3781.    67594.
     3769.    67673.     3826.    67819.     4003.    67946.     3968.    68055.
     3990.    68166.     3844.    68210.     3727.    68004.     3659.    68011.
     3564.    67936.     3415.    67943.     3301.    67838.     3281.    67764.
     3305.    67623.     3353.    67493.     3527.    67442.
         5      700.        16         1
     3548.    67483.     3630.    67653.     3712.    67763.     3851.    67900.
     3926.    67956.     3885.    68005.     3925.    68116.     3821.    68104.
     3785.    68007.     3663.    67951.     3572.    67871.     3463.    67908.
     3374.    67869.     3332.    67786.     3349.    67633.     3378.    67505.
         6      750.         9         1
     3517.    67673.     3592.    67723.     3652.    67801.     3640.    67868.
     3592.    67838.     3517.    67814.     3450.    67801.     3402.    67698.
     3466.    67660.
