         1   1000.00        18         0
   -491.82    -46.29   -305.19   -166.32    -74.61   -222.47    124.20   -185.92
    232.38    -26.20    296.96    207.72    326.27    478.78    402.57    685.73
    557.78    796.49    754.88    822.94   1005.76    803.79   1221.08    708.94
   1453.17    583.74   1558.74    374.65   1613.76    152.22   1636.84    -48.24
   1634.86   -166.12   1582.52   -218.20
         2   1200.00        28         0
   -673.67   -707.67   -642.95   -542.71   -595.37   -372.74   -507.63   -305.59
   -341.02   -351.48   -317.45   -353.22   -132.20   -355.37   -115.38   -360.46
     61.40   -381.12     78.24   -381.16    138.82   -401.52    221.74   -240.05
    308.14    -33.13    370.92    151.96    391.62    350.63    440.65    426.29
    632.86    515.06    814.95    602.18    911.00    622.15   1134.64    488.55
   1332.94    317.96   1448.85    201.47   1549.51     47.97   1533.94   -115.35
   1429.28   -216.13   1328.01   -306.82   1250.30   -402.61   1199.56   -488.38
         3   1400.00        28         0
   -709.12  -1413.21   -647.90  -1177.59   -544.54   -921.87   -487.15   -873.18
   -523.64   -649.10   -454.13   -462.34   -258.80   -472.94   -241.96   -472.98
     -4.50   -468.52    212.62   -519.59    280.12   -465.87    319.29   -289.14
    371.61   -243.80    380.40    -97.31    465.07     89.41    546.28    239.09
    682.98    354.95    708.26    364.99    871.77    426.89   1117.34    303.34
   1288.78    168.19   1381.06     33.23   1421.17    -91.49   1308.02   -219.20
   1145.90   -395.62   1096.78   -510.01   1007.23   -627.67    979.99   -745.49
         4   1600.00        31         0
   -582.64  -2014.74   -574.16  -1994.55   -540.14  -1856.54   -561.42  -1612.30
   -563.05  -1592.08   -537.22  -1364.80   -408.44  -1048.52   -320.56   -922.43
   -360.69   -809.50   -360.65   -792.66   -313.14   -653.00    -97.46   -604.70
     37.27   -599.98    202.12   -677.86    337.10   -575.47    423.53   -360.13
    511.54   -185.21    538.91    -15.18    662.28    157.97    787.12    246.91
    958.87    236.38   1116.93    141.67   1216.05     43.75   1254.48    -79.28
   1137.76   -286.13   1005.97   -459.26    918.00   -617.34    845.13   -799.04
    785.93   -901.62    763.74  -1021.14    770.33  -1078.41
         5   1800.00        34         0
   -357.70  -2304.96   -461.71  -2144.71   -468.39  -2122.80   -481.58  -2009.94
   -363.26  -1838.46   -384.76  -1678.42   -355.60  -1466.30   -323.07  -1254.19
   -228.25  -1048.97   -189.20   -924.44   -168.66   -789.77    -59.01   -717.63
     70.65   -723.00    188.33   -802.45    336.62   -769.14    453.15   -636.39
    529.36   -466.49    565.08   -325.12    654.75   -158.62    761.14    -39.32
    847.21     32.88    998.77     30.82   1089.60    -13.19   1109.61    -94.08
   1035.10   -258.93    923.50   -437.16    842.24   -608.73    791.45   -713.02
    737.18   -867.82    701.56   -967.09    692.84  -1090.00    694.26  -1194.42
    727.72  -1283.76    749.38  -1374.75
         6   2000.00        23         0
   -211.04  -2248.07   -230.80  -2069.51   -149.50  -1882.78    -88.64  -1790.31
    -97.02  -1771.76   -138.59  -1561.15   -141.91  -1540.93   -165.08  -1379.20
   -126.00  -1241.21    -19.42  -1049.49     66.69   -957.08     88.59   -957.14
    213.27   -930.50    344.70   -902.20    535.12   -857.21    595.62   -906.20
    561.39  -1126.73    574.64  -1216.01    641.71  -1330.70    673.35  -1473.92
    705.02  -1603.68    725.07  -1669.41    741.79  -1718.29
         7   2200.00        18         0
    348.71  -2665.43    313.71  -2520.52    388.17  -2377.56    346.30  -2284.83
    334.55  -2267.96    291.06  -2148.28    360.50  -1993.52    416.38  -1869.04
    406.59  -1746.08    297.45  -1614.44    295.87  -1572.34    388.62  -1522.05
    508.19  -1520.66    571.86  -1653.87    616.94  -1808.91    657.08  -1920.16
    719.18  -2002.84    759.42  -2073.67

