Shoreline Dispersion Model Test Case #2
Boston Surface Data 1988, One Week
Derived Tower Data
88,240,1,7,24,3,2,1,0,1,1.0,0
1,0,1,1,1,0,0,0,1,1,1,1,1,1,1,1,1,1,0,0,0,0,0,0,0,1
10.0, 0.07, 0.07, 0.10, 0.15, 0.35, 0.55, 0.5, 0.5, 0.5, 0.5, 0., 0.
STACK #1        0.00   00.00  1000.0     0.0   100.0   400.0     7.0    18.0  3.
STACK #2       -0.20   00.30   300.0     0.0   100.0   400.0     7.0    18.0  3.
STACK #3       -0.50   00.10   400.0     0.0   100.0   400.0     7.0    18.0  3.
STACK #4       -0.20  -00.20   750.0     0.0   100.0   400.0     7.0    18.0  3.
ENDP
                0.50    0.00    10.0   190.0    20.0
ENDS
REC 1       -1.532     1.286       0.0       3.0
REC 2       -1.286     1.532       0.0       3.0
REC 3       -3.830     3.214       0.0      11.0
REC 4       -7.660     6.428       0.0      40.0
REC 5       -2.000     0.000       0.0       3.0
REC 6      -10.000     0.000       0.0      15.0
REC 7       -4.330    -2.500       0.0       5.0
REC 8       -4.924     0.868       0.0       7.0
REC 9       -9.848     1.736       0.0      27.0
REC 10      -8.660    -5.000       0.0      25.0
ENDREC
88 240  1 5     3.087   294.263   176.000   532.000
88 240  2 6     1.543   293.707   172.000   532.000
88 240  3 5     2.572   294.818   291.000   532.000
88 240  4 5     2.058   294.263   244.000   532.000
88 240  5 4     3.601   294.263   291.000  1265.954
88 240  6 4     4.116   294.818   327.000  1157.514
88 240  7 4     3.601   295.930     5.000  1049.075
88 240  8 4     3.087   297.596     1.000   940.636
88 240  9 3     3.087   298.152   318.000   832.196
88 240 10 3     3.601   298.152    91.000   723.757
88 240 11 3     4.116   298.152    95.000   615.318
88 240 12 3     5.659   297.041    94.000   506.879
88 240 13 3     5.659   297.596   108.000   398.439
88 240 14 4     6.173   297.041    94.000   290.000
88 240 15 3     5.659   297.041    94.000   290.000
88 240 16 4     6.688   296.485   112.000   290.000
88 240 17 4     5.659   294.818   119.000   290.000
88 240 18 4     4.630   294.818   119.000   290.000
88 240 19 4     6.173   297.596   204.000   337.243
88 240 20 4     5.659   296.485   198.000   412.967
88 240 21 5     5.144   295.374   210.000   628.723
88 240 22 5     5.144   294.818   192.000   757.815
88 240 23 4     6.173   295.930   213.000   640.139
88 240 24 4     6.173   295.930   206.000   715.863
88 241  1 4     5.659   295.930   213.000   792.967
88 241  2 4     5.659   295.930   213.000   868.585
88 241  3 4     5.659   295.374   193.000   944.203
88 241  4 4     5.144   294.818   204.000  1019.820
88 241  5 5     4.116   294.818   207.000  1016.000
88 241  6 4     5.144   294.818   200.000  1088.854
88 241  7 4     6.173   296.485   190.000  1174.747
88 241  8 4     6.688   298.152   204.000  1260.640
88 241  9 4     6.173   300.374   178.000  1346.534
88 241 10 4     6.688   301.486   188.000  1432.427
88 241 11 4     7.717   302.041   199.000  1518.320
88 241 12 4     7.202   302.597   207.000  1604.214
88 241 13 4     6.173   302.597   186.000  1690.107
88 241 14 4     9.774   303.152   237.000  1776.000
88 241 15 4     8.231   304.264   221.000  1776.000
88 241 16 4     7.717   301.486   196.000  1776.000
88 241 17 4     8.231   300.930   199.000  1776.000
88 241 18 4     7.202   299.263   203.000  1776.000
88 241 19 4     6.688   298.152   200.000  1745.304
88 241 20 4     6.688   298.152   224.000  1698.183
88 241 21 4     7.717   298.708   218.000  1651.062
88 241 22 4     7.717   298.708   223.000  1603.940
88 241 23 4     6.173   298.152   222.000  1556.819
88 241 24 4     6.173   298.708   235.000  1509.698
88 242  1 4     6.688   298.152   219.000  1461.713
88 242  2 4     7.202   297.596   209.000  1414.658
88 242  3 4     6.173   297.041   228.000  1367.603
88 242  4 4     5.144   297.041   246.000  1320.548
88 242  5 4     5.144   297.041   239.000  1273.494
88 242  6 4     5.144   296.485   198.000  1226.439
88 242  7 4     5.659   298.152   210.000  1179.384
88 242  8 4     7.202   298.708   227.000  1132.329
88 242  9 4     6.173   298.708   214.000  1085.274
88 242 10 4     6.688   299.819   221.000  1038.219
88 242 11 4     5.144   300.930   240.000   991.165
88 242 12 4     5.659   300.374   173.000   944.110
88 242 13 4     5.144   300.930   202.000   897.055
88 242 14 4     7.717   300.374   202.000   850.000
88 242 15 4     8.231   300.930   237.000   850.000
88 242 16 4     7.202   299.263   187.000   850.000
88 242 17 4     4.630   295.930    34.000   850.000
88 242 18 4     4.116   294.263    27.000   850.000
88 242 19 4     7.202   292.596    72.000   841.372
88 242 20 4     8.231   292.040    90.000   828.668
88 242 21 4    10.803   292.596   108.000   815.964
88 242 22 4     7.717   293.152   139.000   803.261
88 242 23 4    12.347   297.041   197.000   790.557
88 242 24 4    11.318   297.041   218.000   777.853
88 243  1 4     8.745   296.485   248.000   764.915
88 243  2 4     7.717   292.596   313.000   752.229
88 243  3 4     6.173   292.040   314.000   739.544
88 243  4 4     5.144   292.596   301.000   726.858
88 243  5 4     5.144   292.596   308.000   714.172
88 243  6 4     6.688   292.596   313.000   701.486
88 243  7 4     7.202   292.040   322.000   688.800
88 243  8 4     8.745   291.485   315.000   676.115
88 243  9 4     7.717   290.929   312.000   663.429
88 243 10 4     6.688   291.485   327.000   650.743
88 243 11 4     6.173   291.485     3.000   638.057
88 243 12 4     3.601   292.040     2.000   625.372
88 243 13 4     5.144   292.040    98.000   612.686
88 243 14 4     5.144   292.040    90.000   600.000
88 243 15 3     4.630   292.596    94.000   600.000
88 243 16 4     4.116   292.040   126.000   600.000
88 243 17 4     4.116   291.485   148.000   600.000
88 243 18 4     3.601   291.485   177.000   600.000
88 243 19 4     3.601   290.929   165.000   634.230
88 243 20 4     3.601   290.929   171.000   682.639
88 243 21 5     3.087   290.929   245.000   678.266
88 243 22 4     3.601   290.929   236.000   779.457
88 243 23 4     3.601   290.374   236.000   827.866
88 243 24 4     3.601   290.374   290.000   876.275
88 244  1 5     3.087   290.374   280.000   765.000
88 244  2 5     3.601   289.818   304.000   765.000
88 244  3 5     4.116   289.262   328.000   765.000
88 244  4 5     5.144   288.707   328.000   765.000
88 244  5 5     4.630   288.707   324.000   765.000
88 244  6 4     4.116   288.151   298.000   836.460
88 244  7 3     3.601   290.374   334.000   926.153
88 244  8 4     5.659   292.596   316.000  1015.845
88 244  9 3     4.116   294.818   354.000  1105.538
88 244 10 2     3.087   294.818    86.000  1195.230
88 244 11 3     5.659   295.374   142.000  1284.923
88 244 12 3     5.659   294.818   134.000  1374.615
88 244 13 4     6.173   295.374   131.000  1464.308
88 244 14 4     6.688   294.818   113.000  1554.000
88 244 15 4     7.202   293.707   118.000  1554.000
88 244 16 4     6.173   293.152   108.000  1554.000
88 244 17 4     4.116   293.707   128.000  1554.000
88 244 18 4     4.630   292.596   171.000  1554.000
88 244 19 4     4.630   292.596   172.000  1541.184
88 244 20 4     5.144   292.596   204.000  1523.754
88 244 21 5     4.116   292.040   199.000  1156.728
88 244 22 5     5.144   292.040   283.000  1011.486
88 244 23 4     4.116   292.040   182.000  1471.461
88 244 24 5     2.058   290.929   106.000   721.000
88 245  1 5     3.087   292.040   286.000   721.000
88 245  2 5     4.116   291.485   320.000   721.000
88 245  3 5     5.144   290.374   330.000   721.000
88 245  4 4     5.659   290.374   326.000  1384.058
88 245  5 4     5.659   289.262   334.000  1366.652
88 245  6 4     5.659   289.818   320.000  1349.246
88 245  7 3     4.630   291.485   325.000  1331.841
88 245  8 3     4.116   294.263    20.000  1314.435
88 245  9 3     5.144   294.818    44.000  1297.029
88 245 10 3     4.630   295.374    97.000  1279.623
88 245 11 3     5.144   295.374   124.000  1262.217
88 245 12 4     6.688   295.374   126.000  1244.812
88 245 13 4     6.173   295.374   129.000  1227.406
88 245 14 4     6.173   295.374   134.000  1210.000
88 245 15 3     5.659   294.818   114.000  1210.000
88 245 16 4     6.173   294.263   122.000  1210.000
88 245 17 4     6.173   293.152   123.000  1210.000
88 245 18 4     4.630   292.596   121.000  1210.000
88 245 19 5     3.601   292.040   148.000  1076.200
88 245 20 5     3.601   292.040   176.000   900.960
88 245 21 5     5.144   292.040   226.000   725.720
88 245 22 5     4.116   292.040   199.000   550.480
88 245 23 5     4.116   290.929   215.000   375.240
88 245 24 5     4.630   290.374   227.000   200.000
88 246  1 5     4.630   289.818   226.000   200.000
88 246  2 4     5.659   289.818   228.000  1580.860
88 246  3 5     5.144   289.262   220.000   200.000
88 246  4 5     4.630   288.707   229.000   200.000
88 246  5 5     4.116   288.707   241.000   200.000
88 246  6 4     3.087   289.818   303.000   369.855
88 246  7 3     4.116   292.040   295.000   592.623
88 246  8 3     3.087   294.263   291.000   815.391
88 246  9 3     4.630   295.930   272.000  1038.159
88 246 10 3     4.630   298.152   241.000  1260.927
88 246 11 3     5.659   299.263   239.000  1483.696
88 246 12 4     6.173   299.819   236.000  1706.464
88 246 13 3     5.144   300.374   256.000  1929.232
88 246 14 3     5.659   300.930   255.000  2152.000
88 246 15 4     5.144   300.930   236.000  2152.000
88 246 16 4     5.144   300.930   247.000  2152.000
88 246 17 4     5.659   299.819   226.000  2152.000
88 246 18 4     6.173   298.708   216.000  2152.000
88 246 19 4     5.659   295.930   225.000  2106.462
88 246 20 4     5.659   294.818   222.000  2048.964
88 246 21 4     6.173   294.263   242.000  1991.466
88 246 22 4     7.202   293.707   250.000  1933.968
88 246 23 4     7.717   293.152   248.000  1876.470
88 246 24 5     4.116   292.596   253.000   227.000
