 1 
ACETALDEHYDE
 100 
 180 
 150 
 270 
 44.054 
 293.55 
 461.15 
 54.7 
 151.998 
 8.00552 
 1600.017 
 291.809 
 1.931 
 .83821 
 4.532 
 337.58 
 2 
ACETONE
 750 
 1780 
 1000 
 2380 
 58.081 
 329.34 
 509.55 
 46.8 
 212.999 
 7.11714 
 1210.595 
 229.664 
 1.9533 
 1.02642 
 5.033 
 378.74 
 3 
ACETONITRILE
 40 
 67 
 60 
 101 
 41.05 
 354.75 
 0 
 47.7 
 173 
 7.11988 
 1314.4 
 230 
 .7857 
 0 
 4.7 
 408 
 4 
ACROLEIN
 .1 
 .23 
 .3 
 .69 
 56.065 
 325.85 
 510.15 
 51.58 
 188.997 
 10.03417 
 4.761 
 0 
 2.14882 
 .49834 
 4.857 
 374.72 
 5 
ACRYLIC ACID
 2 
 5.9 
 0 
 0 
 72.06 
 414 
 615 
 56 
 210 
 5.65204 
 648.629 
 154.683 
 1.0511 
 0 
 5 
 476 
 6 
AEROZINE-50
 .52
 .38 
 0 
 0 
 41.805 
 343 
 607 
 118 
 140 
 8.765 
 4.181 
 0 
 .9 
 0 
 5.1 
 395 
 7 
ALLYL ALCOHOL
 2 
 4.8 
 4 
 9.5 
 58.081 
 370.23 
 545.15 
 56.41 
 202.998 
 .0368 
 0 
 0 
 2.33995 
 .35649 
 4.97 
 425.76 
 8 
ALLYL CHLORIDE
 1 
 3 
 2 
 6 
 76.526 
 318.75 
 513.5 
 46.5 
 234 
 5.29716 
 418.375 
 128.168 
 1.94966 
 .92543 
 5.181 
 365.99 
 9 
AMMONIA
 25 
 17 
 35 
 24 
 17.03 
 239.8 
 0 
 0 
 0 
 0 
 0 
 0 
 0 
 0 
 0 
 0 
 10 
AMMONIA(29%)
 25 
 17 
 35 
 24 
 17.72 
 316 
 574 
 186 
 61.5 
 7.97993 
 2.799238 
 0 
 2.875569 
-.3263631 
 3.209 
 363.4 
 11 
ANILINE
 2 
 7.6 
 5 
 19 
 93.13 
 457.28 
 698.75 
 52.3 
 298.22 
 12.0573 
 6.6287 
 0 
 1.715 
 1.4344 
 5.657 
 525.87 
 12 
BENZENE
 10 
 32 
 25 
 80 
 78.115 
 353.25 
 562.09 
 48.34 
 258.999 
 6.893 
 1203.677 
 219.904 
 1.87999 
 .92866 
 5.404 
 406.24 
 13 
BENZYL CHLORIDE
 1 
 5.2 
 0 
 0 
 126.58 
 452 
 0 
 0 
 0 
 .0012 
 0 
 0 
 1.0993 
 0 
 0 
 0 
 14 
BROMINE PENTAFLUORIDE
 .1 
 .72 
 .3 
 2 
 174.896 
 314 
 0 
 0 
 0 
 .5775 
 0 
 0 
 1 
 0 
 0 
 0 
 15 
BROMOFORM
 .5 
 5.2 
 0 
 0 
 252.77 
 423 
 0 
 0 
 0 
 .00706 
 0 
 0 
 2.89 
 0 
 0 
 0 
 16 
BROMOMETHANE
 5 
 56 
 15 
 170 
 94.94 
 276.71 
 467 
 51.5 
 156 
 7.0994 
 1049.898 
 245.319 
 1.4234 
 0 
 4.6 
 318 
 17 
BUTADIENE (1 3)
 10 
 22 
 0 
 0 
 54.092 
 268.739 
 424.989 
 42.733 
 220.995 
 6.84999 
 930.546 
 238.854 
 1.87869 
 .85 
 5.15 
 309.05 
 18 
BUTANE
 800 
 1900 
 0 
 0 
 58.124 
 272.65 
 425.156 
 37.493 
 254.707 
 6.80896 
 935.86 
 238.73 
 1.90229 
 .79427 
 5.414 
 313.55 
 19 
BUTYL ALCOHOL(n) (BUTANOL-1)
 50 
 150 
 0 
 0 
 74.12 
 390.878 
 562.978 
 43.551 
 274.623 
 18.83527 
 13.48722 
 0 
 2.38022 
 .2798 
 5.516 
 449.51 
 20 
BUTYL ALCOHOL(sec) (BUTANOL-2)
 100 
 303 
 150 
 455 
 74.12 
 372.65 
 535.95 
 41.39 
 268 
 .0241 
 0 
 0 
 .8069 
 0 
 5.5 
 428 
 21 
BUTYL ALCOHOL(-t)
 100 
 303 
 150 
 450 
 74.124 
 355.57 
 506.15 
 39.2 
 274.53 
 19.74074 
 14.41828 
 0 
 2.23736 
 .56332 
 5.534 
 408.91 
 22 
BUTYLENE
 0 
 0 
 0 
 0 
 56.108 
 266.85 
 419.544 
 39.698 
 239.722 
 6.7929 
 908.8 
 238.54 
 1.89244 
 .90943 
 5.276 
 306.88 
 23 
BUTYRALDEHYDE
 0 
 0 
 0 
 0 
 72.11 
 351.55 
 524 
 40 
 278 
 .146 
 0 
 0 
 .8016 
 0 
 5.6 
 404 
 24 
CARBON DISULFIDE
 10 
 31 
 0 
 0 
 76.139 
 319 
 0 
 0 
 0 
 .391 
 0 
 0 
 1.26 
 0 
 0 
 0 
 25 
CARBON MONOXIDE
 50 
 57 
 400 
 458 
 28.001 
 82 
 0 
 0 
 0 
 0 
 0 
 0 
 0 
 0 
 0 
 0 
 26 
CARBON TETRACHLORIDE
 5 
 31 
 20 
 126 
 153.82 
 349.85 
 556.3 
 44.97 
 276 
 6.88045 
 1212.676 
 226.483 
 1.5867 
 0 
 5.5 
 402 
 27 
CHLORINE
 .5 
 1.5 
 1 
 2.9 
 70.906 
 239.1 
 0 
 0 
 0 
 0 
 0 
 0 
 0 
 0 
 0 
 0 
 28 
CHLORINE PENTAFLUORIDE
 0 
 0 
 .3 
 1.6 
 130.445 
 259.25 
 0 
 0 
 0 
 1 
 0 
 0 
 1 
 0 
 0 
 0 
 29 
CHLORINE TRIFLUORIDE
 .1 
 .4 
 0 
 0 
 92.448 
 190 
 0 
 0 
 0 
 0 
 0 
 0 
 0 
 0 
 0 
 0 
 30 
CHLOROBENZENE
 75 
 345 
 0 
 0 
 112.56 
 404.85 
 632.35 
 44.6 
 308 
 .01575 
 0 
 0 
 1.1063 
 0 
 5.7 
 465 
 31 
CHLOROETHANE
 1000 
 2640 
 1250 
 3300 
 64.52 
 285.45 
 460.35 
 52 
 192 
 6.98647 
 1030.01 
 238.61 
 .9214 
 0 
 4.9 
 328 
 32 
CHLOROFORM
 10 
 49 
 50 
 244 
 119.39 
 334.85 
 536.55 
 54 
 239 
 6.4934 
 929.44 
 196.03 
 1.4985 
 0 
 5.25 
 385 
 33 
CHLOROMETHANE
 50 
 103 
 100 
 206 
 50.49 
 248.93 
 0 
 0 
 0 
 0 
 0 
 0 
 0 
 0 
 0 
 0 
 34 
CRESOL(-o)
 5 
 22 
 0 
 0 
 108.15 
 464.1 
 697.55 
 49.4 
 338.59 
 13.0326 
 7.50543 
 0 
 1.7805 
 1.3739 
 5.909 
 533.715 
 35 
CRESOL(-m)
 5 
 22 
 0 
 0 
 108.14 
 475.85 
 705.75 
 45 
 312 
 .000224 
 0 
 0 
 1.034 
 0 
 5.8 
 547 
 36 
CRESOL(-p)
 5 
 22 
 0 
 0 
 108.14 
 475.05 
 704.55 
 50.8 
 276 
 .000117 
 0 
 0 
 1.0341 
 0 
 5.5 
 546 
 37 
CUMENE (ISOPROPYL BENZENE)
 50 
 246 
 75 
 370 
 120.2 
 425.55 
 631.05 
 31.67 
 429 
 .000868 
 0 
 0 
 .864 
 0 
 6.5 
 489 
 38 
CYCLOHEXANE
 300 
 1030 
 375 
 1290 
 84.16 
 353.85 
 553.45 
 40.2 
 308 
 6.8413 
 1201.53 
 222.65 
 .7786 
 0 
 5.75 
 407 
 39 
DIALLYL AMINE
 0 
 0 
 0 
 0 
 97.161 
 384.15 
 557.15 
 32.8 
 366.997 
 11.85306 
 6.0308 
 0 
 2.01855 
 .85 
 6.12 
 441.77 
 40 
DIBUTYL PHTHALATE
 0 
 5 
 0 
 0 
 278.34 
 613.15 
 1409.21 
 23.63 
 869.58 
 3.1911 
-1.5713 
 0 
-.3554 
 3.2824 
 5.329 
 705.12 
 41 
DICHLOROBENZENE (1 2) (-o)
 50 
 301 
 0 
 0 
 147.01 
 453.61 
 697.25 
 40.5 
 360.03 
 11.2825 
 6.4273 
 0 
 1.3059 
 0 
 5.5065 
 521.6515 
 42 
DICHLOROBENZENE (1 3) (-m)
 0 
 0 
 0 
 0 
 147.01 
 446.25 
 684 
 38 
 359 
 .00263 
 0 
 0 
 1.2884 
 0 
 6.1 
 513 
 43 
DICHLOROBENZENE (1 4) (-p)
 75 
 450 
 110 
 660 
 147.01 
 447.25 
 685 
 39 
 372 
 .00237 
 0 
 0 
 1.2417 
 0 
 6.1 
 514 
 44 
DICHLORODIMETHYLSILANE
 2.5 
 13 
 0 
 0 
 129.06 
 343.45 
 518.3401 
 33.3 
 127 
 10.83405 
 5.84156 
 0 
 1.75 
 .75 
 4.301 
 394.97 
 45 
DICHLOROETHYLENE (1 2) (cis)
 200 
 793 
 250 
 990 
 96.94 
 333.85 
 516.45 
 54.4 
 205 
 7.0223 
 1205.4 
 230.6 
 1.2818 
 0 
 5 
 384 
 46 
DICHLOROETHYLENE (1 2) (trans)
 0 
 0 
 0 
 0 
 96.94 
 320.85 
 516.45 
 54.4 
 205 
 6.9651 
 1141.9 
 231.9 
 1.2546 
 0 
 5 
 369 
 47 
DICHLOROPROPANE (1 2)
 75 
 347 
 110 
 508 
 112.99 
 369.55 
 577 
 44 
 226 
 7.61056 
 1717.264 
 266.9 
 1.1558 
 0 
 5.2 
 425 
 48 
DIETHANOL AMINE
 3 
 13 
 0 
 0 
 105.14 
 541 
 0 
 0 
 0 
 3.8E-07 
 0 
 0 
 1 
 0 
 0 
 0 
 49 
DIMETHYLANILINE(n n)
 5 
 25 
 10 
 50 
 121.18 
 467.4 
 687 
 35.8 
 413 
 .00171 
 0 
 0 
 .9559 
 0 
 6.4 
 538 
 50 
DIMETHYL PHTHALATE
 0 
 5 
 0 
 0 
 194.19 
 557 
 0 
 0 
 0 
 2E-07 
 0 
 0 
 1.19 
 0 
 0 
 0 
 51 
DIOXANE (1 4)
 25 
 90 
 100 
 360 
 88.1 
 374.35 
 587 
 51.4 
 274 
 7.43155 
 1554.68 
 240.34 
 1.0329 
 0 
 5.5 
 430 
 52 
DI-t-BUTYLETHYL DIAMINE
 .05 
 .35 
 0 
 0 
 172.313 
 441.15 
 560.4 
 20.86 
 661.85 
 21.1088 
 12.7785 
 0 
 2.5083 
 .174195 
 7.539 
 508.32 
 53 
EPICHLOROHYDRIN
 2 
 7.6 
 5 
 19 
 92.526 
 389.26 
 593.3 
 55.3 
 235.496 
 11.00426 
 5.12374 
 0 
 1.97204 
 .85813 
 5.248 
 448.65 
 54 
ETHANOL
 1000 
 1880 
 0 
 0 
 46.07 
 351.45 
 516.25 
 63 
 166.998 
 8.32109 
 1717.1 
 237.52 
 2.35959 
 .17917 
 4.6484 
 405.17 
 55 
ETHYL ACRYLATE
 5 
 20 
 15 
 61 
 100.12 
 372.6 
 552 
 37 
 320 
 6.987 
 1292 
 215 
 .9405 
 0 
 5.8 
 428 
 56 
ETHYL BENZENE
 100 
 434 
 125 
 543 
 106.17 
 409.4 
 617.1 
 35.62 
 374 
 .0125 
 0 
 0 
 .867 
 0 
 6.2 
 471 
 57 
ETHYL CHLORIDE
 1000 
 2640 
 1250 
 3290 
 64.515 
 285.42 
 460.3 
 52 
 199 
 6.986 
 1030.01 
 238.61 
 2.26301 
 .42633 
 5.887 
 328.23 
 58 
ETHYLENE
 0 
 0 
 0 
 0 
 28.05 
 169.44 
 0 
 0 
 0 
 0 
 0 
 0 
 0 
 0 
 0 
 0 
 59 
ETHYLENE DIBROMIDE
 10 
 77 
 0 
 0 
 187.87 
 404.51 
 618.52 
 57.66 
 268.05 
 8.18847 
 1.60695 
 0 
 1.96797 
 1.989623 
 5.448 
 465.19 
 60 
ETHYLENE DICHLORIDE
 10 
 40 
 15 
 60 
 98.96 
 356.62 
 561 
 53 
 220 
 7.0253 
 1271.3 
 222.9 
 2.76568 
 .84916 
 5.2 
 410.11 
 61 
ETHYLENE GLYCOL
 50 
 127 
 0 
 0 
 62.069 
 470.55 
 645.411 
 74.3 
 185.973 
 8.09 
 2088.9 
 203.5
 3.05475 
-.29222 
 4.725 
 541.13 
 62 
ETHYLENE OXIDE
 1 
 1.8 
 20 
 36 
 44.054 
 283.77 
 468.81 
 70.66001 
 140.535 
 7.12843 
 1055.54 
 237.76 
 1.88326 
 1.0891 
 4.347 
 326.33 
 63 
ETHYL HEXANOL (2)
 0 
 0 
 0 
 0 
 130.232 
 457.75 
 621.1 
 26.946 
 493.978 
 19.23413 
 11.81661 
 0 
 2.30653 
 .56159 
 6.762 
 526.41 
 64 
FLUORINE
 1 
 1.6 
 2 
 3.1 
 37.997 
 84.45 
 0 
 0 
 0 
 0 
 0 
 0 
 0 
 0 
 0 
 0 
 65 
FORMALDEHYDE(PURE)
 1 
 1.2 
 2 
 2.5 
 30.03 
 253.95 
 761.47 
 105.9 
 104.48 
 6.68526 
 6.45249 
 0 
 1.6021 
 .66057 
 3.65 
 292.04 
 66 
FORMALDEHYDE(37%)
 1 
 1.2 
 2 
 2.5 
 22.49 
 372.15 
 510.1 
 45.3 
 54.3 
 7.787127 
-8.760882 
 0 
 1.75 
 .75 
 3.217 
 428 
 67 
FORMALDEHYDE(56%)
 1 
 1.2 
 2 
 2.5 
 24.78 
 373.25 
 511.6 
 49.9 
 59.16 
 10.13139 
-5.552316 
 0 
 1.75 
 .75 
 3.303 
 429.24 
 68 
FREON 12
 10000 
 49500 
 0 
 0 
 120.91 
 243.35 
 0 
 0 
 0 
 0 
 0 
 0 
 0 
 0 
 0 
 0 
 69 
HYDRAZINE
 .1 
 .13
 0 
 0 
 32.0453 
 387.37 
 653.15 
 145 
 97.38 
 0 
 0 
 0 
 1.0083 
 0 
 0 
 0 
 70 
HYDRAZINE(54%)
 .1 
 .24
 0   
 0 
 50.06 
 392.95 
 650.48 
 178.425 
 360.03 
 8.0758 
 1.0399 
 0 
 1.03 
 0 
 5.866 
 451.89 
 71 
HYDRAZINE(70%)
 .1 
 .11 
 0 
 0 
 27.8 
 383 
 0 
 0 
 0 
 .018 
 0 
 0 
 1 
 0 
 0 
 0 
 72 
MONOMETHYLHYDRAZINE(MMH)
 .2
 .38
 0 
 0 
 46.0724 
 360.8 
 565.15 
 79.3 
 271 
 0 
 0 
 0 
 .866 
 0 
 0 
 0 
 73 
DIMETHYLHYDRAZINE(UDMH)
 .2 
 .5 
 0 
 0 
 60.0986 
 335.97 
 0 
 0 
 0 
 0 
 0 
 0 
 1.06041 
 7.7507E-04 
 0 
 0 
 74 
HYDROGEN CHLORIDE
 5 
 7.5 
 0 
 0 
 36.46 
 189.1 
 0 
 0 
 0 
 0 
 0 
 0 
 0 
 0 
 0 
 0 
 75 
HYDROGEN CYANIDE
 10 
 11 
 0 
 0 
 27.06 
 298.85 
 456.6 
 53.2 
 139 
 7.5282 
 1329.5 
 260.4 
 .699 
 0 
 4.4 
 344 
 76 
HYDROGEN FLUORIDE
 3 
 2.6 
 6 
 4.9 
 20.006 
 292.7 
 461.15 
 64.8 
 0 
 1 
 0 
 0 
 .9735 
 0 
 0 
 0 
 77 
HYDROGEN SULFIDE
 10 
 14 
 15 
 21 
 34.08 
 213.5 
 0 
 0 
 0 
 0 
 0 
 0 
 0 
 0 
 0 
 0 
 78 
ISOAMYLENE (2-METHYL-2-BUTENE)
 0 
 0 
 0 
 0 
 71.135 
 311.717 
 470.544 
 34.023 
 318.383 
 6.96659 
 1124.33 
 236.63 
 2.4055 
 .71313 
 5.64 
 358.47 
 79 
ISOBUTANE (2-METHYLPROPANE)
 0 
 0 
 0 
 0 
 58.124 
 261.42 
 408.13 
 36 
 262.998 
 9.37272 
 4.64614 
 0 
 1.95726 
 .82175 
 5.438 
 300.63 
 80 
ISOBUTYRALDEHYDE
 0 
 0 
 0 
 0 
 72.11 
 337 
 513 
 41 
 274 
 6.7351 
 1053.2 
 209.1 
 .7988 
 0 
 5.5 
 388 
 81 
ISOPRENE (2-METHYL-1 3-BUTADIENE)
 0 
 0 
 0 
 0 
 68.12 
 307.217 
 483.322 
 36.881 
 268.441 
 6.88564 
 1071 
 233.51 
 1.89997 
 .74009 
 5.517 
 353.3 
 82 
ISOPROPANOL (2-PROPANOL)
 400 
 980 
 500 
 1230 
 60.097 
 355.41 
 508.31 
 47.02 
 219.998 
 8.11778 
 1580.92 
 219.61 
 2.45278 
 .0778 
 5.137 
 408.72 
 83 
ISOPROPYL ETHER
 250 
 1040 
 310 
 1290 
 102.178 
 341.45 
 500.05 
 28.4 
 385.998 
 11.47341 
 6.21955 
 0 
 1.82736 
 .90238 
 6.303 
 392.67 
 84 
JP-4
 200
 700 
 300
 1050 
 85 
 373 
 0 
 0 
 0 
 .1776 
 0 
 0 
 .775 
 0 
 0 
 0 
 85 
JP-9
 0 
 0 
 532 
 1224 
 139 
 374 
 0 
 0 
 0 
 .017 
 0 
 0 
 1 
 0 
 0 
 0 
 86 
JP-10
 0 
 0 
 150 
 340 
 136 
 455 
 0 
 0 
 0 
 .018 
 0 
 0 
 1 
 0 
 0 
 0 
 87 
MESITYL OXIDE
 15 
 60 
 25 
 100 
 98.14601 
 402.65 
 594.65 
 32.2 
 358.996 
 6.6358 
 1186.1 
 186 
 2.06052 
 .95399 
 6.007 
 463.05 
 88 
METHANE
 10000 
 6666 
 0 
 0 
 16.04 
 109.15 
 0 
 0 
 0 
 0 
 0 
 0 
 0 
 0 
 0 
 0 
 89 
METHANOL
 200 
 262 
 250 
 338 
 32.04 
 338.11 
 513.1501 
 78.5 
 117.79 
 7.8975 
 1478.08 
 229.13 
 2.2537 
 .490253 
 3.932 
 388.83 
 90 
METHYLENE CHLORIDE
 50 
 174 
 500 
 1770 
 84.933 
 313 
 0 
 60 
 0 
 .6116 
 0 
 0 
 1.34 
 0 
 0 
 0 
 91 
METHYL ETHYL KETONE
 .2 
 1.5 
 0 
 0 
 72.108 
 352.75 
 535.55 
 41 
 267 
 10.40835 
 4.97738 
 0 
 2.03895 
 .91766 
 5.431 
 405.66 
 92 
METHYL IODIDE
 2 
 12 
 5 
 29 
 141.94 
 315.6 
 528 
 72.7 
 190 
 6.98806 
 1146.368 
 236.677 
 2.2789 
 0 
 4.8 
 363 
 93 
METHYL ISOBUTYL KETONE
 50 
 205 
 75 
 307 
 100.162 
 389.15 
 571.45 
 32.3 
 370.997 
 12.15368 
 6.79839 
 0 
 2.00064 
 .80446 
 6.148 
 447.52 
 94 
METHYL METHACRYLATE
 100 
 410 
 0 
 0 
 100.1 
 374 
 0 
 0 
 0 
 .0478 
 0 
 0 
 .96 
 0 
 0 
 0 
 95 
NITRIC ACID (PURE)
 2 
 5.2 
 4 
 10 
 63.02 
 356 
 0 
 0 
 0 
 .0823 
 0 
 0 
 1 
 0 
 0 
 0 
 96 
FUMING NITRIC ACID (IRFNA)
 2 
 5 
 4 
 10 
 57.2 
 337.34 
 546.48 
 95.35 
 103.2 
 11.77 
 6.53 
 0 
 2.048 
 .544 
 2.82 
 388 
 97 
NITROBENZENE
 1 
 5 
 2 
 10 
 123.11 
 484 
 0 
 0 
 0 
 .000342 
 0 
 0 
 1.2 
 0 
 0 
 0 
 98 
NITROGEN DIOXIDE
 3 
 5.6 
 5 
 9.4 
 46.008 
 294.3 
 431.4 
 100 
 167.2 
 8.91712 
 1798.54 
 276.8 
 2.34 
 .07 
 4.4 
 338.3 
 99 
NITROGEN TETROXIDE
 3 
 5.6
 5 
 9.4
 92.016 
 294.3 
 431.4 
 100 
 167.2 
 0 
 0 
 0 
 2.34 
 .07 
 0 
 0 
 100 
NITROGEN TRIFLUORIDE
 10 
 29 
 15 
 43 
 71.0002 
 145.1 
 0 
 0 
 0 
 0 
 0 
 0 
 0 
 0 
 0 
 0 
 101 
NITROPROPANE
 10 
 36 
 0 
 0 
 89.09 
 393 
 0 
 0 
 0 
 .0133 
 0 
 0 
 1 
 0 
 0 
 0 
 102 
OXYGEN DIFLUORIDE
 .05 
 .11 
 .15 
 .33 
 53.996 
 128.4 
 0 
 0 
 0 
 0 
 0 
 0 
 0 
 0 
 0 
 0 
 103 
PERCHLORYL FLUORIDE
 3 
 13 
 6 
 25 
 102.45 
 226.48 
 0 
 0 
 0 
 0 
 0 
 0 
 0 
 0 
 0 
 0 
 104 
PENTABORANE
 .005 
 .013 
 .015 
 .039 
 63.127 
 331 
 0 
 0 
 0 
 .272 
 0 
 0 
 1 
 0 
 0 
 0 
 105 
PERCHLORYL FLUORIDE
 3 
 13 
 6 
 25 
 102.45 
 226.48 
 0 
 0 
 0 
 0 
 0 
 0 
 0 
 0 
 0 
 0 
 106 
PHENOL
 5 
 19 
 10 
 38 
 94.114 
 454.95 
 694.25 
 60.5 
 228.998 
 13.62273 
 8.20627 
 0 
 1.42581 
 .74438 
 5.504 
 523.19 
 107 
PHOSGENE
 .1 
 .4 
 0 
 0 
 98.92 
 280.71 
 455.15 
 56 
 190.23 
 6.84297 
 941.25 
 230 
 1.75 
 .75 
 4.862 
 322.82 
 108 
PROPANE
 1000 
 1830 
 5000 
 9150 
 44.097 
 231.078 
 0 
 0 
 0 
 0 
 0 
 0 
 0 
 0 
 0 
 0 
 109 
PROPIONALDEHYDE
 0 
 0 
 0 
 0 
 58.08 
 322 
 496 
 47 
 223 
 7.0508 
 1154.8 
 229 
 .8071 
 0 
 5.1 
 370 
 110 
PROPYLENE
 0 
 0 
 0 
 0 
 42.081 
 225.45 
 0 
 0 
 0 
 0 
 0 
 0 
 0 
 0 
 0 
 0 
 111 
PROPYLENE OXIDE
 20 
 48 
 0 
 0 
 58.08 
 311 
 482.3 
 48.6 
 186 
 7.06492 
 1113.6 
 232 
 .8287 
 0 
 4.8 
 358 
 112 
PYRIDINE
 5 
 16 
 10 
 32 
 79.1 
 388 
 620 
 55.6 
 254 
 .0272 
 0 
 0 
 .9782 
 0 
 5.4 
 446 
 113 
STYRENE
 50 
 213 
 100 
 426 
 104.153 
 418.35 
 636.839 
 36.3 
 349.596 
 11.5223 
 6.71281 
 0 
 1.73278 
 1.16795 
 6.035 
 481.1 
 114 
SULFUR DIOXIDE
 2 
 5.2 
 5 
 13 
 64.06 
 263 
 0 
 0 
 0 
 1 
 0 
 0 
 1 
 0 
 0 
 0 
 115 
TETRACHLOROETHANE (1 1 2 2)
 1 
 6.9 
 5 
 34 
 167.86 
 419 
 0 
 0 
 0 
 .00571 
 0 
 0 
 1.59 
 0 
 0 
 0 
 116 
TETRACHLOROETHYLENE
 50 
 339 
 200 
 1357 
 165.83 
 394.2 
 613 
 44.2 
 289 
 6.97683 
 1386.92 
 217.53 
 1.623 
 0 
 5.6 
 453 
 117 
TITANIUM TETRACHLORIDE
 0 
 0 
 0 
 0 
 189.73 
 409.5 
 0 
 0 
 0 
 .0163 
 0 
 0 
 1 
 0 
 0 
 0 
 118 
TOLUENE
 100 
 377 
 150 
 565 
 92.142 
 383.772 
 591.711 
 40.549 
 315.263 
 6.95464 
 1344.8 
 219.48 
 1.96259 
 .83818 
 5.782 
 441.34 
 119 
TOLUIDINE(-o)
 2 
 8.8 
 0 
 0 
 107.16 
 473.6 
 694 
 37 
 343 
 .000337 
 0 
 0 
 .9984 
 0 
 6 
 545 
 120 
TRICHLOROETHANE (1 1 1)
 350 
 1910 
 450 
 2460 
 133.42 
 347 
 0 
 0 
 0 
 .176 
 0 
 0 
 1.33 
 0 
 0 
 0 
 121 
TRICHLOROETHANE (1 1 2)
 10 
 55 
 20 
 110 
 133.41 
 386.6 
 602 
 41 
 294 
 .02875 
 0 
 0 
 1.3 
 0 
 5.7 
 444 
 122 
TRICHLOROETHYLENE
 50 
 269 
 200 
 1070 
 131.34 
 360.4 
 0 
 49.5 
 0 
 7.900001E-02 
 0 
 0 
 1.4 
 0 
 0 
 0 
 123 
TRICHLOROTRIFLUOROETHANE
 1000 
 7660 
 1250 
 9580 
 187.377 
 320.7 
 0 
 33.7 
 0 
 .442 
 0 
 0 
 1.58 
 0 
 0 
 0 
 124 
TRIMETHYLBENZENE (1 3 5)
 25 
 123 
 35 
 172 
 120.2 
 442.6 
 649 
 31.9 
 430 
 .00263 
 0 
 0 
 .8756 
 0 
 6.5 
 509 
 125 
VINYL ACETATE
 10 
 35 
 20 
 70 
 86.09 
 345.6 
 525 
 43 
 265 
 .151 
 0 
 0 
 .9318 
 0 
 5.5 
 397 
 126 
VINYL CHLORIDE
 5 
 13 
 0 
 0 
 62.499 
 259.78 
 429.65 
 55.3 
 177.999 
 6.98117 
 905.01 
 239.48 
 1.95023 
 .82692 
 4.733 
 298.15 
 127 
VINYLIDENE CHLORIDE
 5 
 20 
 20 
 79 
 96.94 
 304.8 
 544.2 
 51.6 
 217 
 6.9722 
 1099.4 
 237.2 
 1.2129 
 0 
 5.1 
 350 
 128 
XYLENE(-o)
 100 
 434 
 150 
 651 
 106.17 
 417.55 
 630.2 
 36.84 
 368.45 
 6.8173 
 1387.336 
 206.409 
 .8802 
 0 
 6.1 
 480 
 129 
XYLENE(-m)
 100 
 434 
 150 
 651 
 106.169 
 412.255 
 617.049 
 34.948 
 376.194 
 7.338 
 1641.628 
 230.899 
 2.0703 
 .75076 
 6.131 
 474.09 
 130 
XYLENE(-p)
 100 
 434 
 150 
 651 
 106.17 
 411.55 
 616.2 
 34.65 
 379.18 
 .0116 
 0 
 0 
 .8611 
 0 
 6.2 
 473 
