 1            NITROGEN TETROXIDE
 92.02
 294.35
 261.95
 1.2500E-05
 .00000
 .00000
 1000.00
 100.00
 840.
 0  
 0
 0
 1500.
 298.16
 -1.4025E-02
 1.1071E-04
 -3.1589E-08
 4.4811E-12
 1673.2
 298.16
 431.40
 294.00
 .41500E+06
.38000
 431.40
 262.00
 8.91712
 1798.5
 3.64
 .00000
 .00000
 .00000
 373.16
 234.16
 0.21746
 2.6024E-05
 -1.0765E-06
 415.6
 262.16
 54.23
 2            HYDRAZINE
 32.0453
 386.8
 275.16
 8.57E-06
 .00000
 .00000
 387
 275
 1.49E+03
 3.31
 1.02E-03
 .00000
 387
 275
 -2.257E-02
 1.193E-04
 8.375E-09
 -7.956E-13
 1670
 273
 653
 298
 1.356E+06
 0.38
 387
 275
 -6.50503
 653.88
 .00000
 .00000
 .047914
 -4.9886E-05
 387
 275
 1.198
 -7.337E-04
 -1.017E-06
 591
 275
 18.32
 3            MONOMETHYLHYDRAZINE(MMH)
 46.0724
 360.70
 210.
 7.83E-06
 .00000
 .00000
 360
 221
 355.2
 4.13
 -1.35E-03
 .00000
 360
 221
 0.015
 .00000
 .00000
 .00000
 360
 221
 585
 298
 8.745E+05
 0.38
 360
 221
 7.11158
 1104.5711
 .00000
 152227.7
 .00000
 .00000
 360
 265
 0.248
 .00000
 .00000
 360
 221
 38.84
 4            DIMETHYLHYDRAZINE(UDMH)
 60.0986
 336.5
 215.9
 7.35E-06
 .00000
 .00000
 335
 216
 264.4
 4.55
 -1.51E-03
 .00000
 335
 216
 0.015
 .00000
 .00000
 .00000
 335
 216
 520.
 335.5
 5.39E+05
 0.38
 335
 216
 6.73578
 875.89
 .00000
 140001
 .00000
 .00000
 335
 216
 0.157
 .00000
 .00000
 335
 216
 59.46

5             AEROZINE-50
45.0
343
266
7.96E-06
0
0
343
266
877.2
3.23
-0.24E-03
0
343
266
-3.813E-03
5.965E-05
4.188E-09
-3.978E-13
343
266
587
317
9.475E+05
0.38
343
266
0.11538
764.89
0
70000
0.023957
-2.494E-05
343
266
0.6775
-3.669E-04
-0.538E-06
343
266
56.85