137238812312  563 4.5 3.7    3  868 9.4 3.7
137238901012  563 4.5 3.7    3  868 9.4 3.7
137238901021  858 4.6 2.0    1  868 6.7 4.2
137238901031  253 2.9 2.0    2  156 6.6 3.8
137238901041 114318.0 7.0    1 1121 8.6 6.4
137238901051  155 2.2 1.9    1  764 7.4 5.4
137238901062  281 5.1 3.0    1  281 6.4 4.5
137238901072  375 1.5 2.0    2  151 3.7 3.6
137238901082  184 2.0 2.0    2  248 5.2 4.1
137238901091  834 4.5 2.0    3  28816.7 2.2
137238901101  655 2.4 1.9    2  327 1.8 2.4
137238901111  314 2.0 1.8    2  480 3.9 2.9
137238901122  387 2.5 2.6    2  373 8.3 3.9
137238901132  416 5.0 3.4    3  36211.4 5.1
137238901141  400 3.4 2.1    2  350 3.1 2.6
137238901152  158 6.5 2.3    1  217 3.2 3.9
137238901161  233 4.0 1.4    1  134 5.3 5.3
137238901171   55 2.7 2.7    1 1313 5.7 4.5
137238901181   37 2.9 2.9    1  844 8.0 4.9
137238901191   52 3.2 3.2    1 1286 6.1 3.9
137238901201  144 3.3 3.3    1  276 7.3 6.5
137238901211 128210.8 3.6    1 1310 3.3 4.5
137238901221  312 1.3 1.6    1  841 2.2 2.0
137238901231  172     2.9    1  861 5.3 4.2
137238901241   31 2.1 2.1    1  993 3.7 3.5
137238901251   26 0.8 0.8    1 1145 3.7 3.3
137238901261  232 3.9 2.9    1 136111.1 6.5
137238901271  940 9.6 3.4    1  940 8.0 6.6
137238901281   47 2.1 2.1    1  969 4.1 3.5
137238901291   76 2.5 2.5    1  732 7.4 4.1
137238901301  40510.0 3.9    1  357 7.1 5.6
137238901311   91 3.2 3.2    1 1190 8.5 4.7
137238902011   83 3.2 3.2    1 1244 8.7 5.0
137238902021   81 2.8 2.8    1 2218 7.9 4.6
137238902031  31811.2 3.9    1  81812.7 9.3
137238902042  820 7.3 5.4    3  59015.4 3.8
137238902052  554 8.9 3.1    2  362 2.5 2.7
137238902062  384 5.5 2.7    2  462 3.6 3.2
137238902072  343 4.8 1.4    3  76615.9 3.7
137238902081  928 5.4 4.1    1 1069 7.7 3.7
137238902091 153110.6 5.4    1 1471 5.3 5.1
137238902101   96 1.9 1.9    1 1717 5.5 3.6
137238902111   82 2.6 2.6    1 1226 7.5 4.7
137238902121   45 2.3 2.3    1 1375 5.1 4.8
137238902132  426 6.9 3.7    1  393 4.1 3.9
137238902141   33 2.4 2.4    1 1494 7.9 5.0
137238902151  430 8.0 4.1    1 136711.8 8.8
137238902161  547 4.0 3.1    3  94511.4 4.7
137238902172 1150 8.2 3.6    3  94511.3 3.9
137238902182  87610.0 4.3    2  523 6.6 3.9
137238902192  513 2.2 2.3    1  958 2.3 2.0
137238902201  668 5.7 2.6    2  517 4.0 2.0
137238902212  115 1.8 1.8    2  237 6.6 5.5
137238902222 105810.1 5.1    3  23110.1 2.7
137238902232 1035 9.7 3.7    2  224 8.3 5.5
137238902242  91213.7 6.2    1 1086 8.1 5.6
137238902251  319 4.4 2.2    1  806 6.5 4.2
137238902261  208 4.1 3.4    1 151311.1 6.0
137238902272   44 1.9 1.9    2    3 2.6 2.6
137238902282  496 5.4 4.0    2  351 2.4 3.5
137238903011   58            1 1234 3.7 3.7
137238903021   76 1.8 1.8    1 1215 3.8 3.0
137238903032  432 5.8 4.0    2  307 7.5 4.5
137238903042  485 4.4 3.8    1  440 2.3 2.9
137238903052  311 3.9 2.1    2  375 8.3 3.9
137238903062  246 6.0 4.5    2  246 7.4 5.1
137238903072  771 8.1 7.0    3  501 9.9 6.8
137238903082  77111.6 6.6    2  75510.8 7.8
137238903092  657 9.2 6.2    1  878 9.4 7.1
137238903101  185 5.1 3.7    1 1037 6.4 5.8
137238903111  386 1.8 2.3    1  955 5.2 3.3
137238903121  117 4.4 4.4    1 1433 7.0 3.7
137238903132  760 5.2 5.1    3  99011.3 4.2
137238903141  474 1.7 2.2    1  547 6.4 2.7
137238903151  199 7.8 3.8    2  85414.9 6.4
137238903162  469 5.5 2.8    1  856 1.6 2.4
137238903171  319 4.0 3.1    1 1434 7.1 4.8
137238903181  246 7.6 4.3    2 141213.0 6.6
137238903191  839 7.6 4.0    1  961 2.9 4.0
137238903201  674 5.3 4.1    2  554 5.5 2.1
137238903212  180 7.2 3.2    2  290 4.7 3.8
137238903222  853 7.5 4.0    1  961 5.1 4.2
137238903232  782 8.8 4.9    2   63 4.3 4.3
137238903242  450 8.3 5.3    1  690 4.3 3.7
137238903251   61 2.0 2.0    1 1131 4.4 4.0
137238903261   29 1.8 1.8    1 1661 2.9 2.6
137238903271  142 1.5 1.5    1 1764 7.8 5.5
137238903281  47110.1 4.3    1 1526 9.7 7.8
137238903291  47512.4 5.6    1 1906 9.7 6.6
137238903301  59310.4 4.8    2  59311.0 5.9
137238903311  239 6.3 3.1    1 102313.6 7.8
137238904011 161910.2 4.9    1 1655 8.1 7.2
137238904021  156 1.5 1.2    1 1649 8.7 5.6
137238904032  791 9.8 4.1    1 154912.4 8.0
137238904041  60412.9 6.1    2 122410.9 7.5
137238904051  736 9.9 4.3    2  453 5.7 4.8
137238904062 1850 6.1 3.1    1 1972 8.2 7.1
137238904072 1337 6.4 2.9    2  218 5.1 5.5
137238904081  132 2.9 2.9    2  114 6.3 6.3
137238904091  934 9.6 4.0    1 1384 2.6 4.7
137238904101  931 3.9 2.2    1  269 2.8 3.6
137238904112 1525 6.3 4.5    1 1809 2.0 2.6
137238904121   73 1.3 1.3    1 2201 4.2 2.6
137238904131   80 2.6 2.6    1 2560 4.0 3.2
137238904141  222 3.4 2.5    1 2397 5.8 3.6
137238904152  764 2.3 2.7    2  170 2.9 3.5
137238904161  114 2.5 2.5    1 2658 5.3 4.9
137238904171   86 2.5 2.5    1 1996 8.1 6.6
137238904181  146 3.2 3.2    1 1474 7.8 4.4
137238904191  165 3.7 2.6    1 1163 4.9 3.4
137238904201 1121 9.5 5.4    1 1208 4.0 4.7
137238904211   66 2.1 2.1    1 1886 2.8 2.6
137238904221  167 3.9 2.7    1 2691 6.5 3.5
137238904231  523 1.9 3.5    1  877 5.5 2.2
137238904241  101 1.8 1.8    1 1870 7.5 4.3
137238904251   57 1.9 1.9    1 2533 9.4 4.5
137238904261  550 3.1 2.0    1 2136 6.0 4.3
137238904271  366 3.5 2.6    2 198010.8 3.3
137238904281   63 2.0 2.0    2 1456 9.4 3.6
137238904291  416 5.2 1.5    2  681 3.8 4.7
137238904301  141 1.3 1.3    2 1545 4.0 4.6
137238905012  871 6.4 2.5    2  980     5.6
137238905024  461            4 1493
137238905034  461            4 1493
137238905041   50 0.6 0.6    2 2005 7.2 5.3
137238905052  457 8.3 3.9    2 120814.4 4.8
137238905061  183 4.8 2.8    1 138812.6 8.2
137238905071  119 2.2 2.2    2 1814 7.6 5.7
137238905081   73 2.7 2.7    1 2055 6.3 4.5
137238905091  320 7.5 2.9    2  132 4.5 4.5
137238905102  347 5.1 2.4    1  293 5.7 5.1
137238905111 1147 6.8 3.6    1 1603 9.9 5.4
137238905121   90 2.5 2.5    1 2320 5.4 4.9
137238905131   55 0.9 0.9    1 2664 5.1 4.2
137238905142  181 2.9 2.0    1 2078 8.1 4.7
137238905152  643 2.1 2.8    1 1187 6.4 4.3
137238905161  625 7.6 3.1    1 2128 9.3 5.7
137238905171  232 4.7 3.2    1 1383 6.1 4.3
137238905181   71 2.1 2.1    1 2380 3.8 2.1
137238905191   98 1.4 1.4    1 1749 2.4 3.1
137238905201   89 1.4 1.4    1 1120 4.3 4.5
137238905211   66 2.7 2.7    1 1817 3.1 3.5
137238905221  230 4.3 3.1    1 2107     4.5
137238905232  637 9.2 3.2    1 105110.5 4.6
137238905241  200 6.4 4.4    1 1977 6.9 5.5
137238905251   62 2.6 2.6    1 1558 6.8 6.1
137238905261  305 5.9 3.2    1 1734 8.0 5.8
137238905271  146 2.5 2.5    1  724 6.1 6.0
137238905281  985 7.7 3.5    1 1316 2.7 3.9
137238905291  292 2.0 0.8    1 1662 3.2 3.7
137238905301  268 5.0 3.6    1 1638 5.6 5.7
137238905311  244 4.5 3.1    1 1415 5.5 3.7
137238906011   87 2.7 2.7    1 2076 6.5 3.6
137238906021  147 2.2 2.2    2 2367 8.5 5.4
137238906031  239 1.9 2.2    1 1655 5.4 3.5
137238906041  324 5.5 4.3    2 2105 7.3 4.7
137238906051  577 5.5 2.9    2 180710.9 5.0
137238906062  881 8.8 3.9    2 1344 7.0 3.4
137238906071 1278 5.2 2.9    1 1519 5.3 3.4
137238906081  560 2.9 2.3    2 1531 7.4 4.0
137238906092 1220 9.4 3.1    2 143210.5 4.9
137238906101  123 2.7 2.7    1 1669 4.9 3.9
137238906111  942 6.2 2.4    1 1344 2.3 2.3
137238906121  324 4.5 1.9    2 1502 9.2 4.8
137238906131  315 8.1 3.0    1  95510.2 5.7
137238906141  167 2.8 2.0    1 2327 8.8 5.5
137238906151  217 4.4 2.4    1 139815.2 5.4
137238906161 103510.1 2.1    2  718 7.5 3.8
137238906171  985 5.5 2.1    1 1498 4.9 3.4
137238906181  189 1.1 1.2    1 1784 2.9 2.4
137238906191  198 2.1 1.8    1 1902 6.8 4.3
137238906204  321            4 1684
137238906212  443 3.7 1.3    1 1466 7.8 3.8
137238906222  457 3.3 1.6    1 1071 3.5 3.2
137238906231  319 3.0 2.3    1 2097 3.1 2.8
137238906242  308 3.9 2.1    1 1568 6.4 3.5
137238906251  490 3.1 1.9    1 1678 2.1 2.7
137238906261  280 3.4 2.4    1 1699 2.3 1.1
137238906274  266            4 1513
137238906281  252 4.6 2.6    2 1326 3.8 3.5
137238906292 1232 6.9 2.5    1 1473 4.0 3.5
137238906301  775 4.4 3.5    1 1716 2.7 3.0
137238907011  222 1.0 0.6    1 1535 2.4 2.8
137238907021  144 0.3 0.3    1 1365 1.4 2.5
137238907031  717 4.7 2.8    2  913 3.2 2.4
137238907041 1243 6.9 3.1    2 1488 6.7 3.3
137238907052  982 6.7 2.4    1 1475 4.4 3.7
137238907061  676 6.0 2.3    1 1570 5.9 3.8
137238907071  809 5.7 2.9    1 1046 5.4 3.7
137238907081  199 3.3 2.7    1 2048 6.1 4.0
137238907091  288 2.7 2.5    1 1686 2.4 2.0
137238907101  139 2.0 2.0    1 1680 6.2 4.5
137238907111  142 2.6 2.6    1 1405 3.4 3.4
137238907121  281 2.5 1.5    1 2001 4.5 3.1
137238907131  361 1.4 0.4    1 1593 5.7 4.2
137238907141  941 5.7 2.2    1 1431 2.2 2.5
137238907151  669 2.5 2.7    1 2123 5.6 4.8
137238907162  991 4.2 3.1    2 1203 5.5 3.4
137238907172  997 2.3 2.6    1  565 6.3 3.8
137238907181  830 4.8 2.7    1  992 1.9 2.7
137238907191  930 3.3 1.4    2 1363 7.0 3.9
137238907201  902 9.6 3.9    1 1309 5.5 4.6
137238907211  979 8.1 4.4    1 1784 5.4 4.2
137238907221  459 5.4 2.5    1 1292 5.4 3.3
137238907231  342 3.9 2.1    1 1776 2.4 2.8
137238907241  211 2.7 1.5    1 1662 2.0 2.3
137238907252  543 3.0 2.5    1 1574 1.7 2.6
137238907261  282 2.0 1.6    1 1838 3.0 2.2
137238907271  687 4.7 2.9    2 1870 3.0 3.4
137238907281  259 3.3 2.5    1 1143 7.0 4.5
137238907291  536 4.8 2.2    1 1356 3.1 3.4
137238907301  608 4.0 2.6    1 1696 5.0 3.1
137238907312  257 4.2 3.5    2 1134 3.3 2.1
137238908012  938 3.1 2.1    1  786 1.8 2.0
137238908021  973 3.0 1.6    1 1553 5.3 3.7
137238908031   89 0.3 0.3    1 1368 4.2 3.0
137238908041  118 1.2 1.2    1 1122 6.4 4.2
137238908051  248 4.3 3.4    1 1152 6.9 5.4
137238908061  182 3.8 2.6    1 1376 5.8 3.1
137238908071  468 3.2 2.5    1 1472 6.3 4.3
137238908081 1255 4.9 2.4    1 1582 2.7 2.3
137238908091  348 6.2 2.9    1 1664 4.8 4.3
137238908101  472 4.1 2.8    1 1258 7.1 4.8
137238908112  821 6.0 3.2    1  718 4.7 3.4
137238908122  869 3.1 2.9    1 1049 1.9 2.7
137238908131  465 1.4 1.9    1 1766 2.2 2.2
137238908142  705 2.0 2.0    2  581 2.6 2.6
137238908151  675 1.4 1.9    1 1415 3.7 2.1
137238908161  453 1.1 1.1    2 1904 2.0 2.4
137238908171  221 2.1 1.6    2 1229 3.4 3.6
137238908181 1055 2.5 2.7    1 1299 2.7 1.5
137238908192  680 2.3 2.3    1 1101 3.7 2.3
137238908201  862 6.0 3.4    1 1571 7.1 4.9
137238908211  923 9.0 4.0    1 1488 6.3 5.5
137238908221  333 6.1 3.0    1 1536 5.1 3.9
137238908231  247 3.9 2.9    2 1550 3.0 3.6
137238908241  256 3.1 3.2    1  819 1.9 2.6
137238908252 1101 2.5 2.3    1  740 4.1 3.6
137238908262  637 2.9 2.2    1  637 4.2 3.6
137238908272  862 4.1 2.1    2  289 2.3 2.6
137238908281  538 2.0 1.4    1 1302 2.1 2.7
137238908291  960 5.7 3.0    2 1570 7.3 4.7
137238908301  249 3.0 2.9    1 1618 5.2 3.4
137238908311  163 3.5 1.8    1  728 2.5 2.8
137238909011  126 1.5 1.5    1 1258     4.9
137238909021  357 3.1 2.3    1  976     3.6
137238909031  919 7.8 5.3    1  919 7.0 6.4
137238909041  768 9.0 4.0    1 1438 8.0 6.1
137238909052  681 8.1 4.6    2  529 6.5 4.1
137238909061  749 5.7 2.6    1  976 4.7 3.4
137238909071 1036 2.2 2.3    1 1036 2.1 2.5
137238909081 1247 2.2 1.6    1 1730 3.2 2.4
137238909091  159 2.0 1.9    1 1831 3.2 1.8
137238909101  126 2.7 2.7    1 1764 3.0 3.5
137238909111  126 2.3 2.3    2 1885 2.9 3.3
137238909121  664 2.4 2.4    1  532 3.1 2.8
137238909131 1062 2.0 2.1    1 1276 3.0 3.5
137238909141  280 1.2 1.2    1 1537 4.3 3.3
137238909151  417 4.8 2.3    1 2059 4.9 3.4
137238909162 1046 5.2 1.3    1 1395 8.3 4.8
137238909171  121 1.0 1.0    1 1887 2.5 3.5
137238909181  566 6.7 2.7    1 1472 6.4 4.1
137238909191 1408 9.2 3.7    1 1051 6.9 4.5
137238909202  443 6.8 4.4    2  422 3.4 4.0
137238909212 1155 6.5 2.5    1 159611.6 6.4
137238909222 107027.112.0    1  68412.810.0
137238909231  838 9.2 5.3    1 1407 8.5 5.3
137238909241  963 9.0 4.7    1 1121 4.9 5.4
137238909251  629 6.5 3.3    2  291 7.5 5.4
137238909262  380 5.6 2.7    1 1203 5.8 3.7
137238909271  897 9.7 5.1    1 1001 6.3 5.6
137238909281  190 2.8 2.2    1 1095 2.2 2.8
137238909291  254 2.7 2.2    2  845 3.8 3.7
137238909302  818 3.1 1.9    3  622 7.3 4.9
137238910012  527 7.0 4.3    2  398 5.4 2.8
137238910022  867 5.0 3.1    1 1248 4.8 3.2
137238910031  147 2.6 2.6    1 1632 6.6 3.7
137238910041  525 5.4 3.3    1  961 4.4 3.6
137238910051   86 1.9 1.9    1 1040 6.5 3.7
137238910061  257 5.7 3.7    1 1108 8.9 5.9
137238910071 1022 7.3 3.7    1  750 3.6 4.9
137238910081  736 5.8 4.6    1 1069 8.6 3.1
137238910091  122 1.9 1.9    1 1752 3.3 3.2
137238910101  101 1.3 1.3    1 1520 6.3 4.8
137238910111   37 1.6 1.6    1 1562 2.5 2.7
137238910121   43 2.6 2.6    1 1119 5.4 4.3
137238910131   51 2.0 2.0    1  863 2.1 2.5
137238910141  135 2.3 2.3    1  926 4.6 1.8
137238910151   58 2.7 2.7    1 1592 3.9 3.6
137238910161   66 2.5 2.5    1 1985 7.6 4.7
137238910172  678 9.0 3.8    2  709 7.1 6.0
137238910182  688 2.4 1.5    2  425 5.4 3.3
137238910192  512 7.4 5.8    2  442 3.1 2.7
137238910201 1164 8.2 4.9    1  819 6.0 4.5
137238910211  216 6.6 3.6    1 188015.7 7.1
137238910221   72 2.9 2.9    1 1413 3.7 3.3
137238910231   27            1  873 1.7 2.2
137238910241   47 1.3 1.3    1  963 5.2 4.0
137238910251   84 2.7 2.7    1  819 4.7 4.1
137238910261   44 2.1 2.1    1 1030 5.9 4.4
137238910271   52 1.5 1.5    1  884 2.7 3.6
137238910281   40 1.4 1.4    1  921 5.6 3.9
137238910291   68 2.3 2.3    1 1415 5.7 4.5
137238910301  271 4.0 2.8    1  833 6.7 5.1
137238910311  893 3.3 2.7    2 1306 9.9 3.2
137238911011  136 2.3 2.3    1  610 2.1 2.6
137238911021  397 7.3 2.9    2  226 4.6 4.1
137238911031  499 3.5 2.0    1 1062 6.2 6.2
137238911041  307 2.0 2.5    1 1055 5.2 1.9
137238911051   55 1.9 1.9    1 1123 6.3 3.9
137238911061  150 4.1 3.3    2  176 5.9 4.4
137238911071  355 3.6 2.4    1  35510.0 3.5
137238911081  152 4.8 1.8    2  35913.0 5.4
137238911092 108514.6 4.8    1  85911.5 5.8
137238911101   37 3.0 3.0    1 1822 6.1 6.2
137238911111   26 1.5 1.5    1 166714.1 5.0
137238911121   47 3.7 3.7    1  949 3.2 3.9
137238911131  138 2.1 2.1    1 1118 7.0 3.4
137238911141  203 5.1 3.2    2  60510.0 4.8
137238911151  247 5.2 2.4    2  208 8.8 4.8
137238911162 127613.7 8.3    3  63417.5 7.0
137238911174  706            4  634
137238911181  135 3.2 3.2    1 105910.0 5.6
137238911191  280 4.6 2.3    1  842 6.9 3.6
137238911201  158 8.8 4.2    1  87015.7 7.9
137238911211 160818.3 8.5    1 144911.6 5.5
137238911221  646 2.3 2.5    2  319 3.5 4.0
137238911232  779 6.7 2.9    1  368 6.5 4.8
137238911241  289 4.8 2.6    1 1136 3.6 3.3
137238911251   76 2.9 2.9    1  76912.5 5.6
137238911261   99 4.4 4.4    1  835 4.3 4.2
137238911271  473 3.8 3.6    1  350 5.9 3.2
137238911282  289 4.9 3.8    1  437 8.8 5.8
137238911291 1243 6.7 2.9    1 1226 8.2 5.4
137238911301   69 2.8 2.8    1 121511.6 6.4
137238912011  426 8.6 3.0    1 1009 6.3 4.6
137238912021   21 0.6 0.6    1  63613.1 6.6
137238912031 218316.4 7.8    1 125513.7 8.3
137238912041  872 9.0 3.9    1 1293     5.7
137238912054  538            4  949
137238912061  204 4.3 3.2    1  60412.3 4.5
137238912071  517 9.6 2.9    2  238 5.0 4.3
137238912082  777 9.9 6.6    3  23613.4 4.4
137238912092  53314.2 5.6    2  41311.6 6.0
137238912101  147 2.1 2.1    1  802 5.9 4.4
137238912111  573 8.2 4.6    1  566 4.3 2.9
137238912122  511 3.1 2.3    3  60217.8 6.1
137238912132  92111.0 5.5    2  637 5.1 2.4
137238912141   49 1.1 1.1    1 120711.1 5.4
137238912151  107 3.2 3.2    1  78114.8 8.4
137238912161  872 9.8 5.9    1  895 6.2 4.6
137238912171  397 2.7 2.9    1  709 4.2 2.1
137238912181  368 4.0 2.5    1  568 2.8 3.2
137238912192  656 6.1 3.0    3  77215.0 2.7
137238912201   93 2.8 2.8    1  975 3.9 2.8
137238912211   95 3.3 3.3    1 1070 7.8 5.1
137238912221  915 7.4 6.0    1  828 6.8 4.9
137238912234  854            4  988
137238912241  79214.3 5.1    1 1148 6.8 4.4
137238912251   22 1.8 1.8    1  554 9.0 5.7
137238912261  233 6.6 4.5    1 135711.3 7.3
137238912271  329 2.6 2.4    1  472 8.1 4.2
137238912281   25 2.6 2.6    1 1407 6.6 3.5
137238912291   20 1.2 1.2    1  847 8.8 4.1
137238912301  271 6.1 4.1    2  351 8.5 4.5
137238912311   26 3.2 3.2    2  180     6.2
137238912311   26 3.2 3.2    2  180     6.2
